110.049708 105.554087 141.117982 32.558536 30.772764 98.821731 100.010469 41.232273 75.179380 86.038801 
60.273940 53.571686 53.674527 43.248311 67.425684 14.379739 117.231534 207.489378 148.910254 41.058530 
28.232079 100.471397 71.408853 76.173011 81.951806 23.322394 60.195339 60.811033 70.784917 34.246328 
48.981133 118.178110 25.605080 64.413833 35.001057 62.093372 95.061574 89.367050 71.183789 43.448493 
129.314400 78.263202 21.455538 106.427528 49.459295 40.137122 129.122960 171.837205 24.526647 64.159474 
50.350495 125.792950 81.183963 154.055265 50.221687 115.302634 106.158976 54.736337 33.660479 42.959652 
79.552027 57.794439 98.373906 91.054580 110.260828 57.477596 62.855608 125.522715 38.043729 14.312175 
80.653199 73.518766 90.375049 46.728313 186.615043 118.069028 78.581646 65.373320 149.761453 58.489265 
74.851749 58.738449 91.089285 61.636050 67.737161 72.543654 30.001233 60.751511 77.640826 49.643186 
38.476445 38.005880 149.396971 143.415384 35.622912 89.810711 109.642083 37.927833 37.938624 74.409815 
