45.547536 10.586450 20.915811 46.323538 36.976653 16.060253 26.713782 9.479541 17.537926 42.408278 
58.683740 47.292312 38.316990 33.145459 39.996932 27.089840 48.427269 35.283339 28.706339 38.100804 
17.971795 39.777414 34.142411 25.779370 14.106569 28.868647 32.917265 28.854987 26.066749 56.606930 
31.107678 22.696982 19.361777 57.397582 17.456233 28.334944 21.664202 31.792072 34.461867 18.457192 
59.658439 29.261156 37.592947 31.104090 29.177029 50.165023 28.135180 17.700719 40.390065 32.069403 
32.089445 56.907279 24.938891 46.753441 26.443570 21.869317 39.438032 28.637327 54.989746 29.562192 
33.304726 37.166267 42.759953 47.832532 27.896614 40.241474 25.701324 27.881463 38.897853 56.632543 
25.044605 42.767509 18.783203 42.209871 39.060407 27.527591 24.791936 50.118139 11.662267 18.481218 
21.127679 33.842980 48.482347 28.016922 32.360934 36.135509 16.489068 25.603121 44.536121 40.615021 
32.433443 56.178456 51.653518 42.930281 31.501067 30.269037 38.313657 34.420090 26.773547 25.619064 
