26.074740 6.269900 80.586121 31.300248 23.127711 55.126665 15.738444 23.833161 10.741775 57.719769 
44.509056 44.854987 12.012995 28.674383 24.509902 28.086568 16.788816 54.059247 25.090557 8.576930 
13.897241 65.289883 9.332861 5.094160 22.238081 48.257863 12.930262 22.817211 57.819126 19.118506 
11.568960 27.429050 24.206021 24.158407 24.593341 17.298957 21.397472 31.479742 32.766847 30.591725 
14.932785 17.688171 10.912531 49.886809 33.688795 30.136958 13.826588 24.859052 11.108394 25.405495 
30.774590 55.975538 12.237730 7.592496 18.237188 17.211578 18.457487 23.165691 41.157109 7.784553 
37.181972 12.564860 31.870460 32.356985 20.278249 10.678537 17.258788 20.023580 50.671761 13.859685 
28.295410 110.283994 58.251761 42.420490 44.937601 35.238246 19.775436 3.521573 3.366990 24.160706 
27.291624 21.625539 55.883206 11.225820 24.414539 22.445402 25.146229 22.279239 11.698716 57.102813 
13.244524 42.351765 12.668080 2.784026 7.360881 10.577911 34.698390 38.671931 10.748143 17.950213 
