93.317777 72.957826 52.942235 21.809834 75.402318 27.771166 362.505889 18.566848 32.538926 18.613130 
54.161107 37.847934 28.462187 42.255758 56.389105 27.274392 21.507429 39.155967 30.564988 24.883410 
31.772949 39.000511 8.389960 119.301068 14.730593 81.305641 23.123998 29.792219 24.028620 28.609103 
36.369704 51.175268 46.682545 81.836362 31.001531 130.370211 90.580169 100.812692 27.782922 103.714614 
26.544315 73.350613 36.879786 14.305032 43.589298 117.698211 28.613719 97.416853 31.609106 11.548139 
37.507513 28.896302 67.151051 54.296757 90.318388 104.540601 21.792770 69.003728 38.344435 10.831494 
25.419898 6.307107 42.458416 36.501771 177.792750 175.087835 163.422024 105.145894 100.669479 38.539507 
19.741445 18.306298 20.249720 16.412600 25.490837 30.844526 39.386835 31.877884 88.848946 36.889709 
11.590728 23.074657 54.608502 13.951391 25.460322 97.701136 9.610019 81.475502 22.504026 42.960963 
26.548294 121.997142 113.392282 30.861607 48.562796 113.365683 17.890747 30.277568 82.424458 53.707525 
