100.000000 100.000000 0.000000
100.500000 100.000000 0.005404
100.999993 100.002702 0.010379
101.499966 100.007892 0.015305
101.999907 100.015544 0.020181
102.499805 100.025634 0.025009
102.999649 100.038137 0.029788
103.499427 100.053029 0.034519
103.999129 100.070285 0.039204
104.498745 100.089882 0.043841
104.998265 100.111795 0.048432
105.497678 100.136001 0.052977
105.996977 100.162477 0.057476
106.496151 100.191200 0.061931
106.995193 100.222145 0.066341
107.494093 100.255291 0.070707
107.992844 100.290615 0.075029
108.491437 100.328095 0.079308
108.989865 100.367707 0.083544
109.488121 100.409430 0.087738
109.986198 100.453243 0.091890
110.484089 100.499123 0.096000
110.981786 100.547050 0.100070
111.479285 100.597001 0.104098
111.976578 100.648956 0.108086
112.473661 100.702894 0.112035
112.970526 100.758795 0.115944
113.467169 100.816636 0.119813
113.963584 100.876400 0.123644
114.459767 100.938065 0.127437
114.955713 101.001611 0.131192
115.451416 101.067019 0.134909
115.946873 101.134269 0.138589
116.442079 101.203341 0.142232
116.937030 101.274218 0.145839
117.431722 101.346879 0.149409
117.926152 101.421306 0.152944
118.420315 101.497480 0.156444
118.914209 101.575383 0.159908
119.407830 101.654997 0.163338
119.901175 101.736304 0.166734
120.394241 101.819285 0.170096
120.887025 101.903924 0.173424
121.379525 101.990202 0.176719
121.871738 102.078102 0.179981
122.363661 102.167607 0.183210
122.855293 102.258700 0.186407
123.346632 102.351365 0.189572
123.837674 102.445584 0.192705
124.328419 102.541341 0.195807
124.818865 102.638621 0.198878
125.309009 102.737405 0.201918
125.798851 102.837680 0.204928
126.288389 102.939428 0.207908
126.777621 103.042635 0.210858
127.266547 103.147285 0.213778
127.755165 103.253362 0.216670
128.243474 103.360851 0.219532
128.731474 103.469737 0.222366
129.219163 103.580006 0.225171
129.706541 103.691642 0.227948
130.193607 103.804632 0.230698
130.680361 103.918960 0.233420
131.166802 104.034613 0.236115
131.652929 104.151577 0.238782
132.138742 104.269837 0.241424
132.624241 104.389379 0.244038
133.109426 104.510191 0.246627
133.594297 104.632258 0.249190
134.078853 104.755567 0.251727
134.563095 104.880106 0.254238
135.047023 105.005860 0.256725
135.530636 105.132817 0.259187
136.013936 105.260964 0.261624
136.496921 105.390289 0.264036
136.979594 105.520778 0.266425
137.461953 105.652420 0.268790
137.943999 105.785203 0.271131
138.425733 105.919113 0.273449
138.907156 106.054140 0.275743
139.388268 106.190271 0.278015
139.869069 106.327495 0.280264
140.349560 106.465799 0.282490
140.829742 106.605173 0.284694
141.309616 106.745605 0.286876
141.789182 106.887084 0.289036
142.268442 107.029598 0.291175
142.747395 107.173137 0.293292
143.226044 107.317690 0.295388
143.704389 107.463245 0.297463
144.182430 107.609793 0.299518
144.660170 107.757323 0.301551
145.137608 107.905824 0.303565
145.614747 108.055286 0.305558
146.091586 108.205698 0.307531
146.568128 108.357052 0.309485
147.044373 108.509336 0.311419
147.520323 108.662541 0.313334
147.995979 108.816657 0.315229
148.471341 108.971674 0.317106
148.946412 109.127583 0.318964
149.421193 109.284374 0.320803
149.895684 109.442039 0.322624
150.369887 109.600567 0.324427
150.843804 109.759950 0.326211
151.317436 109.920178 0.327978
151.790784 110.081243 0.329727
152.263849 110.243135 0.331459
152.736633 110.405847 0.333173
153.209138 110.569368 0.334870
153.681364 110.733691 0.336550
154.153314 110.898808 0.338214
154.624989 111.064709 0.339861
155.096389 111.231387 0.341491
155.567517 111.398833 0.343105
156.038375 111.567040 0.344703
156.508963 111.735998 0.346285
156.979283 111.905701 0.347851
157.449337 112.076140 0.349401
157.919125 112.247307 0.350936
158.388651 112.419196 0.352456
158.857915 112.591798 0.353960
159.326919 112.765105 0.355449
159.795664 112.939111 0.356924
160.264152 113.113808 0.358384
160.732384 113.289189 0.359829
161.200363 113.465246 0.361259
161.668089 113.641972 0.362676
162.135565 113.819360 0.364078
162.602791 113.997404 0.365466
163.069770 114.176096 0.366840
163.536502 114.355430 0.368201
164.002990 114.535399 0.369548
164.469236 114.715996 0.370881
164.935240 114.897214 0.372201
165.401005 115.079048 0.373508
165.866531 115.261489 0.374802
166.331821 115.444534 0.376083
166.796877 115.628173 0.377351
167.261698 115.812403 0.378606
167.726289 115.997216 0.379849
168.190649 116.182606 0.381080
168.654781 116.368567 0.382298
169.118686 116.555094 0.383504
169.582366 116.742180 0.384698
170.045822 116.929820 0.385880
170.509055 117.118007 0.387050
170.972069 117.306736 0.388208
171.434863 117.496001 0.389355
171.897440 117.685797 0.390490
172.359801 117.876118 0.391614
172.821948 118.066958 0.392727
173.283883 118.258313 0.393829
173.745606 118.450177 0.394920
174.207120 118.642544 0.395999
174.668426 118.835409 0.397068
175.129525 119.028767 0.398126
175.590420 119.222613 0.399174
176.051111 119.416942 0.400211
176.511600 119.611748 0.401238
176.971889 119.807027 0.402255
177.431979 120.002774 0.403261
177.891872 120.198984 0.404257
178.351570 120.395652 0.405244
178.811073 120.592774 0.406220
179.270383 120.790344 0.407187
179.729503 120.988358 0.408144
180.188432 121.186811 0.409091
180.647174 121.385699 0.410029
181.105728 121.585017 0.410958
181.564097 121.784761 0.411877
182.022283 121.984926 0.412787
182.480286 122.185508 0.413689
182.938108 122.386503 0.414581
183.395751 122.587906 0.415464
183.853215 122.789713 0.416338
184.310503 122.991920 0.417203
184.767616 123.194523 0.418060
185.224555 123.397517 0.418909
185.681322 123.600899 0.419748
186.137918 123.804664 0.420580
186.594344 124.008809 0.421403
187.050602 124.213330 0.422218
187.506693 124.418222 0.423025
187.962619 124.623482 0.423823
188.418380 124.829106 0.424614
188.873979 125.035091 0.425397
189.329417 125.241432 0.426172
189.784694 125.448126 0.426939
190.239813 125.655169 0.427699
190.694775 125.862558 0.428451
191.149580 126.070289 0.429195
191.604230 126.278359 0.429932
192.058727 126.486763 0.430662
192.513072 126.695499 0.431384
192.967266 126.904563 0.432099
193.421311 127.113952 0.432807
193.875207 127.323663 0.433508
194.328956 127.533691 0.434202
194.782559 127.744034 0.434889
195.236017 127.954689 0.435569
195.689332 128.165652 0.436242
196.142505 128.376920 0.436908
196.595537 128.588490 0.437568
197.048430 128.800359 0.438222
197.501184 129.012524 0.438868
197.953800 129.224982 0.439508
198.406281 129.437729 0.440142
198.858626 129.650763 0.440770
199.310838 129.864081 0.441391
199.762917 130.077680 0.442006
200.214865 130.291557 0.442615
200.666682 130.505708 0.443218
201.118370 130.720133 0.443814
201.569931 130.934826 0.444405
202.021364 131.149787 0.444990
202.472671 131.365011 0.445569
202.923854 131.580497 0.446142
203.374913 131.796241 0.446710
203.825850 132.012242 0.447272
204.276665 132.228495 0.447828
204.727360 132.445000 0.448378
205.177936 132.661752 0.448924
205.628393 132.878750 0.449463
206.078733 133.095991 0.449998
206.528957 133.313473 0.450527
206.979066 133.531193 0.451050
207.429061 133.749148 0.451569
207.878943 133.967337 0.452082
208.328713 134.185756 0.452590
208.778372 134.404405 0.453093
209.227920 134.623279 0.453591
209.677360 134.842377 0.454084
210.126692 135.061697 0.454572
210.575916 135.281236 0.455055
211.025034 135.500991 0.455534
211.474048 135.720962 0.456007
211.922957 135.941146 0.456476
212.371762 136.161540 0.456940
212.820466 136.382142 0.457400
213.269068 136.602950 0.457855
213.717569 136.823962 0.458305
214.165971 137.045177 0.458751
214.614274 137.266591 0.459192
215.062479 137.488203 0.459629
215.510588 137.710011 0.460062
215.958600 137.932013 0.460490
216.406518 138.154207 0.460914
216.854341 138.376590 0.461334
217.302071 138.599162 0.461750
217.749708 138.821919 0.462161
218.197253 139.044861 0.462568
218.644708 139.267985 0.462972
219.092073 139.491290 0.463371
219.539348 139.714773 0.463766
219.986535 139.938433 0.464157
220.433635 140.162267 0.464545
220.880647 140.386275 0.464928
221.327574 140.610454 0.465308
221.774416 140.834803 0.465684
222.221173 141.059320 0.466056
222.667847 141.284003 0.466424
223.114438 141.508851 0.466789
223.560947 141.733862 0.467150
224.007375 141.959033 0.467507
224.453722 142.184365 0.467861
224.899990 142.409854 0.468212
225.346178 142.635499 0.468558
225.792288 142.861300 0.469922
226.238090 143.087708 0.471252
226.683590 143.314709 0.472576
227.128790 143.542300 0.473837
227.573701 143.770452 0.475121
228.018320 143.999175 0.476412
228.462643 144.228472 0.477669
228.906678 144.458327 0.478899
229.350429 144.688728 0.480126
229.793897 144.919673 0.481355
230.237082 145.151164 0.482597
230.679978 145.383204 0.483800
231.122595 145.615778 0.485007
231.564931 145.848885 0.486178
232.006993 146.082510 0.487367
232.448778 146.316660 0.488521
232.890292 146.551321 0.489641
233.331543 146.786475 0.490796
233.772521 147.022140 0.491907
234.213238 147.258294 0.493050
234.653685 147.494951 0.494142
235.093873 147.732089 0.495256
235.533796 147.969718 0.496332
235.973464 148.207820 0.497398
236.412878 148.446390 0.498509
236.852026 148.685448 0.499531
237.290929 148.924955 0.500557
237.729587 149.164912 0.501596
238.167995 149.405325 0.502629
238.606155 149.646190 0.503674
239.044062 149.887514 0.504712
239.481719 150.129292 0.505752
239.919124 150.371524 0.506736
240.356291 150.614187 0.507737
240.793214 150.857288 0.508688
241.229906 151.100804 0.509608
241.666374 151.344722 0.510561
242.102609 151.589055 0.511540
242.538605 151.833816 0.512510
242.974363 152.078999 0.513487
243.409882 152.324607 0.514426
243.845170 152.570625 0.515358
244.280228 152.817048 0.516277
244.715059 153.063871 0.517206
245.149661 153.311098 0.518142
245.584032 153.558731 0.519029
246.018182 153.806750 0.519895
246.452118 154.055144 0.520764
246.885838 154.303916 0.521638
247.319340 154.553066 0.522469
247.752635 154.802577 0.523342
248.185712 155.052465 0.524222
248.618569 155.302735 0.525113
249.051202 155.553390 0.525915
249.483635 155.804393 0.526776
249.915851 156.055767 0.527637
250.347851 156.307514 0.528436
250.779649 156.559606 0.529209
251.211252 156.812031 0.530044
251.642644 157.064817 0.530775
252.073852 157.317918 0.531509
252.504873 157.571335 0.532249
252.935707 157.825072 0.533041
253.366340 158.079149 0.533779
253.796785 158.333544 0.534572
254.227029 158.588281 0.535320
254.657082 158.843338 0.536023
255.086955 159.098699 0.536811
255.516627 159.354398 0.537487
255.946126 159.610387 0.538251
256.375429 159.866705 0.538983
256.804545 160.123337 0.539700
257.233476 160.380276 0.540383
257.662232 160.637508 0.541057
258.090814 160.895029 0.541776
258.519211 161.152859 0.542484
258.947426 161.410991 0.543153
259.375467 161.669410 0.543832
259.803333 161.928120 0.544541
260.231016 162.187133 0.545265
260.658511 162.446455 0.545919
261.085836 162.706057 0.546570
261.512992 162.965937 0.547204
261.939984 163.226087 0.547867
262.366802 163.486521 0.548480
262.793461 163.747217 0.549042
263.219974 164.008152 0.549701
263.646314 164.269368 0.550312
264.072495 164.530845 0.550901
264.498521 164.792572 0.551527
264.924384 165.054566 0.552166
265.350079 165.316832 0.552784
265.775612 165.579362 0.553372
266.200991 165.842141 0.553984
266.626209 166.105181 0.554547
267.051278 166.368460 0.555122
267.476196 166.631983 0.555696
267.900963 166.895751 0.556286
268.325574 167.159768 0.556828
268.750042 167.424016 0.557428
269.174351 167.688519 0.557987
269.598512 167.953259 0.558574
270.022518 168.218247 0.559104
270.446384 168.483461 0.559620
270.870112 168.748893 0.560153
271.293699 169.014551 0.560699
271.717141 169.280440 0.561229
272.140441 169.546553 0.561774
272.563597 169.812898 0.562317
272.986608 170.079471 0.562841
273.409479 170.346267 0.563333
273.832219 170.613271 0.563844
274.254823 170.880490 0.564283
274.677309 171.147895 0.564780
275.099662 171.415510 0.565269
275.521884 171.683331 0.565725
275.943984 171.951345 0.566203
276.365956 172.219561 0.566621
276.787816 172.487953 0.567103
277.209546 172.756548 0.567555
277.631155 173.025334 0.568059
278.052628 173.294333 0.568499
278.473983 173.563516 0.568946
278.895218 173.832889 0.569403
279.316329 174.102453 0.569839
279.737323 174.372201 0.570242
280.158208 174.642119 0.570732
280.578961 174.912243 0.571145
280.999602 175.182541 0.571600
281.420120 175.453030 0.572030
281.840522 175.723700 0.572472
282.260804 175.994555 0.572863
282.680980 176.265576 0.573237
283.101055 176.536753 0.573658
283.521016 176.808107 0.574024
283.940877 177.079614 0.574380
284.360641 177.351272 0.574782
284.780297 177.623097 0.575115
285.199862 177.895063 0.575521
285.619316 178.167199 0.575953
286.038652 178.439516 0.576338
286.457884 178.711994 0.576693
286.877019 178.984621 0.577079
287.296049 179.257410 0.577462
287.714975 179.530360 0.577818
288.133803 179.803458 0.578114
288.552550 180.076681 0.578419
288.971214 180.350031 0.578753
289.389786 180.623521 0.579150
289.808250 180.897177 0.579565
290.226600 181.171007 0.579871
290.644867 181.444965 0.580206
291.063041 181.719063 0.580562
291.481119 181.993310 0.580910
291.899100 182.267702 0.581255
292.316987 182.542238 0.581565
292.734789 182.816904 0.581867
293.152507 183.091696 0.582230
293.570126 183.366640 0.582524
293.987664 183.641707 0.582830
294.405118 183.916901 0.583162
294.822481 184.192234 0.583516
295.239746 184.467715 0.583849
295.656919 184.743334 0.584189
296.073998 185.019095 0.584489
296.490995 185.294982 0.584855
296.907890 185.571021 0.585202
297.324690 185.847205 0.585558
297.741392 186.123536 0.585896
298.158000 186.400009 0.586181
298.574529 186.676601 0.586489
298.990973 186.953321 0.586703
299.407357 187.230130 0.587011
299.823657 187.507066 0.587294
300.239878 187.784121 0.587567
300.656023 188.061290 0.587847
301.072091 188.338575 0.588137
301.488078 188.615981 0.588418
301.903988 188.893503 0.588670
302.319827 189.171131 0.588984
302.735579 189.448888 0.589220
303.151265 189.726744 0.589463
303.566884 190.004701 0.589743
303.982425 190.282774 0.590055
304.397880 190.560977 0.590329
304.813258 190.839294 0.590552
305.228574 191.117703 0.590793
305.643822 191.396212 0.591014
306.059010 191.674813 0.591289
306.474120 191.953529 0.591558
306.889156 192.232355 0.591790
307.304126 192.511278 0.592048
307.719025 192.790308 0.592282
308.133859 193.069436 0.592546
308.548618 193.348672 0.592869
308.963288 193.628042 0.593071
309.377900 193.907497 0.593247
309.792464 194.187024 0.593472
310.206965 194.466645 0.593733
310.621392 194.746373 0.593992
311.035747 195.026209 0.594225
311.450037 195.306141 0.594419
311.864272 195.586154 0.594585
312.278461 195.866236 0.594768
312.692599 196.146393 0.594954
313.106685 196.426628 0.595174
313.520709 196.706953 0.595312
313.934693 196.987335 0.595547
314.348612 197.267814 0.595841
314.762449 197.548416 0.595985
315.176245 197.829076 0.596234
315.589971 198.109840 0.596417
316.003645 198.390680 0.596650
316.417254 198.671615 0.596860
316.830804 198.952638 0.597040
317.244303 199.233734 0.597229
317.657748 199.514909 0.597449
318.071132 199.796175 0.597688
318.484449 200.077539 0.597888
318.897709 200.358986 0.598130
319.310901 200.640533 0.598379
319.724024 200.922183 0.598605
320.137082 201.203927 0.598765
320.550094 201.485735 0.598978
320.963047 201.767632 0.599218
321.375932 202.049628 0.599473
321.788745 202.331730 0.599666
322.201504 202.613912 0.599825
322.614218 202.896158 0.599986
323.026885 203.178471 0.600218
323.439487 203.460879 0.600365
323.852048 203.743348 0.600491
324.264573 204.025870 0.600620
324.677061 204.308444 0.600793
325.089500 204.591089 0.600929
325.501901 204.873790 0.601095
325.914256 205.156560 0.601267
326.326561 205.439401 0.601409
326.738826 205.722300 0.601496
327.151066 206.005234 0.601709
327.563246 206.288257 0.601812
327.975395 206.571321 0.602032
328.387483 206.854477 0.602107
328.799549 207.137663 0.602311
329.211558 207.420933 0.602382
329.623546 207.704232 0.602503
330.035500 207.987582 0.602632
330.447417 208.270984 0.602789
330.859289 208.554450 0.602947
331.271116 208.837982 0.603103
331.682899 209.121578 0.603191
332.094656 209.405209 0.603316
332.506376 209.688891 0.603435
332.918064 209.972623 0.603555
333.329718 210.256404 0.603631
333.741349 210.540215 0.603705
334.152958 210.824056 0.603904
334.564511 211.107980 0.603993
334.976040 211.391941 0.604101
335.387535 211.675944 0.604344
335.798961 211.960047 0.604522
336.210338 212.244225 0.604607
336.621688 212.528436 0.604742
337.033002 212.812703 0.604905
337.444267 213.097036 0.605004
337.855503 213.381408 0.605238
338.266673 213.665878 0.605333
338.677815 213.950386 0.605449
339.088923 214.234941 0.605565
339.499996 214.519542 0.605724
339.911027 214.804212 0.605877
340.322013 215.088942 0.606086
340.732938 215.373758 0.606281
341.143810 215.658656 0.606351
341.554663 215.943582 0.606474
341.965476 216.228557 0.606593
342.376257 216.513581 0.606689
342.787012 216.798645 0.606832
343.197718 217.083763 0.606964
343.608387 217.368936 0.607162
344.019003 217.654192 0.607227
344.429598 217.939473 0.607392
344.840143 218.224820 0.607554
345.250644 218.510235 0.607597
345.661133 218.795668 0.607709
346.071589 219.081146 0.607811
346.482012 219.366663 0.607909
346.892410 219.652223 0.608044
347.302771 219.937838 0.608114
347.713103 220.223477 0.608240
348.123405 220.509171 0.608362
348.533671 220.794915 0.608494
348.943896 221.080710 0.608669
349.354073 221.366578 0.608667
349.764246 221.652443 0.608849
350.174367 221.938383 0.608867
350.584482 222.224329 0.608908
350.994586 222.510292 0.608997
351.404656 222.796285 0.609113
351.814701 223.082333 0.609187
352.224725 223.368410 0.609242
352.634727 223.654506 0.609344
353.044697 223.940642 0.609532
353.454618 224.226858 0.609627
353.864510 224.513112 0.609693
354.274380 224.799391 0.609785
354.684219 225.085704 0.609909
355.094026 225.372070 0.610040
355.503794 225.658489 0.610044
355.913556 225.944906 0.610189
356.323265 226.231374 0.610334
356.732937 226.517906 0.610387
357.142590 226.804455 0.610535
357.552209 227.091072 0.610502
357.961821 227.377665 0.610601
358.371415 227.664304 0.610716
358.780967 227.950984 0.610910
359.190459 228.237742 0.611087
359.599911 228.524578 0.611127
360.009349 228.811429 0.611154
360.418775 229.098289 0.611254
360.828182 229.385196 0.611308
361.237560 229.672116 0.611336
361.646936 229.959051 0.611404
362.056282 230.246007 0.611402
362.465628 230.532962 0.611468
362.874940 230.819933 0.611589
363.284226 231.106960 0.611663
363.693478 231.394009 0.611760
364.102720 231.681109 0.611788
364.511926 231.968202 0.611900
364.921113 232.255349 0.611956
365.330275 232.542512 0.612059
365.739392 232.829708 0.612101
366.148516 233.116934 0.612055
366.557643 233.404134 0.612056
366.966770 233.691335 0.612215
367.375829 233.978584 0.612293
367.784865 234.265866 0.612471
368.193845 234.553216 0.612581
368.602798 234.840615 0.612711
369.011716 235.128069 0.612829
369.420597 235.415569 0.612921
369.829454 235.703109 0.612874
370.238294 235.990608 0.612999
370.647122 236.278174 0.613034
371.055928 236.565746 0.613171
371.464665 236.853354 0.613276
371.873406 237.141028 0.613262
372.282119 237.428675 0.613443
372.690794 237.716405 0.613467
373.099474 238.004153 0.613545
373.508104 238.291914 0.613546
373.916731 238.579673 0.613584
374.325366 238.867461 0.613684
374.733910 239.155246 0.613789
375.142437 239.443084 0.613882
375.550958 239.730974 0.613915
375.959449 240.018863 0.614070
376.367911 240.306826 0.614117
376.776345 240.594798 0.614268
377.184735 240.882832 0.614370
377.593069 241.170888 0.614353
378.001398 241.458931 0.614487
378.409654 241.747004 0.614609
378.817889 242.035137 0.614646
379.226066 242.323252 0.614722
379.634238 242.611409 0.614808
380.042408 242.899618 0.614956
380.450561 243.187905 0.615050
380.858630 243.476191 0.615131
381.266684 243.764514 0.615192
381.674769 244.052898 0.615229
382.082816 244.341277 0.615222
382.490821 244.629623 0.615269
382.898788 244.917970 0.615269
383.306764 245.206324 0.615395
383.714663 245.494700 0.615583
384.122540 245.783176 0.615676
384.530390 246.071689 0.615654
384.938259 246.360203 0.615649
385.346088 246.648685 0.615780
385.753897 246.937234 0.615694
386.161608 247.225660 0.615791
386.569377 247.514187 0.615780
386.977161 247.802718 0.615751
387.384904 248.091201 0.615686
387.792594 248.379608 0.615683
388.200277 248.668008 0.615720
388.607911 248.956396 0.615768
389.015586 249.244842 0.615756
389.423262 249.533281 0.615823
389.830877 249.821718 0.615936
390.238429 250.110180 0.615978
390.646031 250.398703 0.616048
391.045335 250.681393 0.617993
391.444087 250.964860 0.619920
391.842293 251.249095 0.621827
392.239956 251.534088 0.623715
392.637080 251.819832 0.625584
393.033670 252.106317 0.627434
393.429729 252.393536 0.629266
393.825260 252.681480 0.631080
394.220269 252.970141 0.632875
394.614760 253.259510 0.634653
395.008735 253.549580 0.636412
395.402199 253.840343 0.638154
395.795156 254.131791 0.639879
396.187610 254.423916 0.641586
396.579564 254.716711 0.643277
396.971023 255.010168 0.644950
397.361990 255.304280 0.646607
397.752470 255.599039 0.648247
398.142465 255.894438 0.649871
398.531981 256.190470 0.651478
398.921020 256.487127 0.653070
399.309586 256.784404 0.654645
399.697684 257.082292 0.656205
400.085316 257.380785 0.657749
400.472487 257.679877 0.659278
400.859201 257.979560 0.660791
401.245460 258.279828 0.662290
401.631269 258.580674 0.663773
402.016631 258.882092 0.665242
402.401551 259.184076 0.666695
402.786031 259.486619 0.668135
403.170075 259.789715 0.669559
403.553687 260.093358 0.670970
403.936870 260.397542 0.672367
404.319628 260.702261 0.673749
404.701964 261.007509 0.675118
405.083882 261.313279 0.676473
405.465385 261.619567 0.677814
405.846478 261.926366 0.679142
406.227162 262.233672 0.680457
406.607442 262.541477 0.681759
406.987321 262.849777 0.683048
407.366803 263.158567 0.684323
407.745890 263.467840 0.685586
408.124586 263.777592 0.686837
408.502895 264.087817 0.688075
408.880819 264.398510 0.689300
409.258362 264.709667 0.690513
409.635528 265.021281 0.691714
410.012319 265.333347 0.692904
410.388739 265.645862 0.694081
410.764790 265.958819 0.695246
411.140477 266.272215 0.696400
411.515801 266.586044 0.697542
411.890767 266.900301 0.698673
412.265378 267.214982 0.699792
412.639635 267.530082 0.700901
413.013544 267.845597 0.701998
413.387106 268.161522 0.703084
413.760324 268.477853 0.704160
414.133202 268.794585 0.705224
414.505743 269.111713 0.706278
414.877949 269.429234 0.707322
415.249824 269.747143 0.708355
415.621370 270.065437 0.709378
415.992591 270.384110 0.710390
416.363488 270.703158 0.711392
416.734066 271.022579 0.712385
417.104327 271.342367 0.713367
417.474273 271.662518 0.714340
417.843907 271.983029 0.715302
418.213233 272.303896 0.716256
418.582253 272.625115 0.717199
418.950970 272.946682 0.718133
419.319386 273.268593 0.719058
419.687504 273.590845 0.719974
420.055326 273.913433 0.720880
420.422857 274.236355 0.721778
420.790097 274.559607 0.722666
421.157050 274.883185 0.723546
421.523718 275.207085 0.724417
421.890105 275.531305 0.725279
422.256211 275.855840 0.726132
422.622040 276.180688 0.726977
422.987595 276.505844 0.727813
423.352878 276.831306 0.728641
423.717891 277.157071 0.729461
424.082637 277.483135 0.730273
424.447118 277.809494 0.731076
424.811337 278.136147 0.731872
425.175296 278.463089 0.732659
425.538997 278.790317 0.733439
425.902443 279.117829 0.734210
426.265636 279.445622 0.734975
426.628579 279.773691 0.735731
426.991273 280.102036 0.736480
427.353722 280.430651 0.737221
427.715926 280.759535 0.737955
428.077890 281.088686 0.738682
428.439613 281.418099 0.739401
428.801100 281.747772 0.740113
429.162352 282.077702 0.740818
429.523372 282.407887 0.741516
429.884161 282.738324 0.742207
430.244721 283.069010 0.742891
430.605055 283.399943 0.743568
430.965165 283.731120 0.744239
431.325053 284.062538 0.744903
431.684720 284.394195 0.745560
432.044170 284.726088 0.746210
432.403404 285.058215 0.746854
432.762423 285.390573 0.747492
433.121231 285.723160 0.748123
433.479829 286.055973 0.748748
433.838219 286.389011 0.749367
434.196402 286.722270 0.749979
434.554382 287.055748 0.750586
434.912159 287.389444 0.751186
435.269735 287.723354 0.751780
435.627114 288.057476 0.752368
435.984295 288.391809 0.752951
436.341282 288.726350 0.753528
436.698076 289.061097 0.754098
437.054679 289.396047 0.754664
437.411092 289.731198 0.755223
437.767318 290.066550 0.755777
438.123358 290.402098 0.756325
438.479214 290.737841 0.756868
438.834887 291.073778 0.757406
439.190380 291.409906 0.757938
439.545694 291.746223 0.758465
439.900831 292.082727 0.758986
440.255792 292.419416 0.759502
440.610580 292.756288 0.760013
440.965195 293.093342 0.760519
441.319640 293.430575 0.761020
441.673915 293.767985 0.761516
442.028024 294.105572 0.762007
442.381966 294.443332 0.762493
442.735744 294.781264 0.762975
443.019171 295.052256 0.763598
443.372576 295.390579 0.764068
443.725821 295.729067 0.764534
444.078909 296.067721 0.764995
444.431841 296.406536 0.765451
444.784619 296.745513 0.765902
445.137243 297.084649 0.766349
445.489715 297.423943 0.766792
445.842038 297.763393 0.767230
446.124308 298.035589 0.767811
446.406421 298.307949 0.768386
446.758202 298.647960 0.768809
447.040042 298.920601 0.769374
447.321729 299.193402 0.769934
447.672983 299.533957 0.770340
448.024099 299.874654 0.770743
448.305412 300.147841 0.771289
448.586575 300.421180 0.771829
448.867591 300.694671 0.772364
449.218017 301.036079 0.772747
449.498782 301.309828 0.773273
449.848897 301.651554 0.773646
450.129415 301.925556 0.774163
450.479226 302.267593 0.774527
450.828912 302.609758 0.774888
451.178475 302.952049 0.775245
451.458555 303.226499 0.775746
451.807823 303.569089 0.776095
452.156973 303.911802 0.776440
452.436725 304.186586 0.776929
452.785588 304.529590 0.777266
453.134336 304.872711 0.777599
453.482969 305.215948 0.777929
453.831489 305.559301 0.778256
454.179897 305.902767 0.778580
454.528193 306.246346 0.778900
454.876380 306.590037 0.779217
455.224457 306.933838 0.779531
455.572427 307.277748 0.779842
455.920290 307.621767 0.780150
456.268046 307.965892 0.780454
456.615698 308.310124 0.780756
456.963246 308.654460 0.781055
457.310692 308.998900 0.781350
457.589091 309.275054 0.781790
457.936283 309.619750 0.782078
458.283375 309.964545 0.782364
458.561495 310.240982 0.782793
458.839495 310.517538 0.783218
459.117378 310.794212 0.783640
459.463932 311.139549 0.783909
459.810393 311.484979 0.784176
460.088010 311.761920 0.784588
460.434237 312.107585 0.784848
460.780373 312.453340 0.785106
461.057733 312.730539 0.785508
461.334982 313.007848 0.785906
461.680752 313.353970 0.786153
462.026437 313.700177 0.786398
462.303438 313.977733 0.786787
462.648904 314.324159 0.787025
462.994286 314.670667 0.787261
463.339587 315.017257 0.787495
463.684807 315.363928 0.787726
464.029946 315.710678 0.787955
464.306516 315.988665 0.788328
464.582981 316.266755 0.788698
464.927784 316.613841 0.788918
465.204085 316.892094 0.789282
465.548685 317.239381 0.789495
465.824826 317.517794 0.789853
466.100867 317.796306 0.790208
466.445145 318.143912 0.790412
466.721031 318.422578 0.790761
466.996819 318.701340 0.791107
467.272511 318.980197 0.791449
467.548107 319.259149 0.791788
467.891836 319.607298 0.791976
468.235498 319.955512 0.792162
468.510896 320.234661 0.792494
468.786200 320.513901 0.792822
469.061413 320.793231 0.793147
469.404668 321.141847 0.793322
469.679742 321.421315 0.793642
469.954726 321.700870 0.793959
470.297697 322.049765 0.794125
470.572546 322.329453 0.794437
470.915351 322.678512 0.794599
471.190067 322.958331 0.794906
471.532708 323.307550 0.795064
471.875294 323.656824 0.795219
472.149837 323.936813 0.795520
472.492263 324.286243 0.795671
472.834637 324.635724 0.795820
473.109012 324.915878 0.796116
473.451230 325.265512 0.796261
473.725481 325.545786 0.796551
474.067547 325.895569 0.796692
474.341677 326.175962 0.796978
474.683594 326.525890 0.797115
474.957606 326.806399 0.797397
475.231538 327.086985 0.797676
475.505392 327.367648 0.797952
475.846968 327.717910 0.798079
476.120708 327.998683 0.798352
476.462144 328.349080 0.798474
476.803537 328.699520 0.798596
477.077133 328.980435 0.798863
477.418390 329.331007 0.798980
477.691877 329.612027 0.799244
477.965291 329.893118 0.799505
478.306322 330.243910 0.799616
478.579632 330.525103 0.799873
478.852868 330.806366 0.800127
479.126033 331.087700 0.800379
479.466758 331.438789 0.800482
479.739824 331.720219 0.800730
480.012819 332.001717 0.800976
480.285745 332.283281 0.801220
480.558603 332.564913 0.801461
480.831393 332.846610 0.801699
481.104115 333.128372 0.801936
481.376771 333.410199 0.802170
481.649361 333.692089 0.802401
481.921886 333.974042 0.802630
482.194346 334.256058 0.802857
482.466742 334.538136 0.803082
482.739075 334.820275 0.803305
483.011345 335.102475 0.803525
483.283553 335.384734 0.803743
483.555699 335.667053 0.803959
483.827784 335.949431 0.804172
484.099809 336.231867 0.804384
484.371775 336.514360 0.804593
484.643681 336.796910 0.804801
484.915528 337.079517 0.805006
485.187317 337.362179 0.805209
485.459049 337.644897 0.805410
485.730724 337.927669 0.805610
486.002343 338.210495 0.805807
486.273906 338.493375 0.806002
486.545414 338.776308 0.806195
486.816867 339.059294 0.806387
487.088266 339.342331 0.806576
487.359611 339.625420 0.806764
487.630903 339.908560 0.806949
487.902143 340.191750 0.807133
488.173330 340.474990 0.807315
488.444466 340.758279 0.807495
488.715551 341.041617 0.807674
488.986586 341.325003 0.807850
489.257570 341.608438 0.808025
489.528505 341.891919 0.808198
489.799391 342.175448 0.808369
490.070228 342.459023 0.808539
490.341017 342.742643 0.808707
490.611759 343.026310 0.808873
490.882453 343.310021 0.809038
491.153101 343.593777 0.809200
491.423702 343.877577 0.809362
491.694258 344.161420 0.809521
491.964768 344.445307 0.809679
492.235233 344.729237 0.809836
492.505654 345.013208 0.809991
492.776031 345.297222 0.810144
493.046365 345.581277 0.810296
493.316655 345.865374 0.810446
493.586903 346.149510 0.810595
493.857108 346.433688 0.810743
494.127271 346.717904 0.810889
494.397393 347.002161 0.811033
494.667474 347.286456 0.811176
494.937514 347.570790 0.811317
495.207514 347.855162 0.811458
495.477475 348.139572 0.811596
495.747395 348.424020 0.811734
496.017277 348.708504 0.811870
496.287120 348.993025 0.812004
496.556925 349.277583 0.812137
496.826691 349.562176 0.812269
497.096420 349.846805 0.812400
497.366112 350.131470 0.812529
497.635768 350.416169 0.812657
497.905386 350.700902 0.812784
498.174969 350.985670 0.812909
498.444516 351.270472 0.813034
498.714028 351.555307 0.813157
498.983504 351.840175 0.813278
499.252946 352.125076 0.813399
499.522353 352.410010 0.813518
499.791727 352.694975 0.813636
500.061067 352.979973 0.813753
500.330373 353.265002 0.813869
500.599647 353.550062 0.813984
500.868888 353.835153 0.814097
501.138096 354.120275 0.814209
501.407273 354.405426 0.814321
501.676417 354.690608 0.814431
501.945531 354.975819 0.814540
502.214613 355.261060 0.814648
502.483665 355.546330 0.814754
502.752686 355.831628 0.814860
503.021676 356.116955 0.814965
503.290637 356.402310 0.815069
503.559569 356.687693 0.815171
503.828471 356.973104 0.815273
504.097344 357.258542 0.815373
504.366188 357.544006 0.815473
504.635004 357.829498 0.815571
504.903792 358.115016 0.815669
505.172552 358.400561 0.815766
505.441285 358.686131 0.815861
505.709990 358.971727 0.815956
505.978668 359.257348 0.816050
506.247319 359.542995 0.816142
506.515944 359.828667 0.816234
506.784542 360.114363 0.816325
507.053115 360.400084 0.816415
507.321662 360.685829 0.816505
507.590183 360.971597 0.816593
507.858679 361.257390 0.816680
508.127150 361.543206 0.816767
508.395597 361.829045 0.816852
508.664018 362.114907 0.816937
508.932416 362.400792 0.817021
509.200790 362.686700 0.817104
509.469140 362.972629 0.817186
509.737466 363.258581 0.817268
510.005769 363.544555 0.817348
510.274049 363.830550 0.817428
510.542307 364.116567 0.817507
510.810541 364.402605 0.817585
511.078754 364.688664 0.817663
511.346944 364.974743 0.817740
511.615112 365.260844 0.817815
511.883258 365.546964 0.817891
512.151383 365.833105 0.817965
512.419487 366.119266 0.818039
512.687570 366.405446 0.818112
512.955631 366.691646 0.818184
513.223672 366.977865 0.818255
513.491693 367.264104 0.818326
513.759693 367.550361 0.818396
514.027674 367.836638 0.818465
514.295634 368.122932 0.818534
514.563575 368.409245 0.818602
514.831496 368.695577 0.818669
515.099399 368.981926 0.818736
515.367282 369.268294 0.818802
515.635146 369.554678 0.818867
515.902991 369.841081 0.818932
516.170818 370.127501 0.818996
516.438627 370.413937 0.819059
516.706417 370.700391 0.819122
516.974190 370.986862 0.819184
517.241944 371.273349 0.819245
517.509682 371.559853 0.819306
517.777401 371.846373 0.819366
518.045104 372.132909 0.819426
518.312789 372.419461 0.819485
518.580457 372.706029 0.819543
518.848109 372.992612 0.819601
519.115744 373.279211 0.819659
519.383363 373.565825 0.819715
519.650965 373.852455 0.819771
519.918552 374.139099 0.819827
520.186122 374.425759 0.819882
520.453677 374.712433 0.819936
520.721216 374.999122 0.819990
520.988739 375.285825 0.820044
521.256247 375.572542 0.820097
521.523740 375.859274 0.820149
521.791218 376.146019 0.820201
522.058682 376.432779 0.820252
522.326130 376.719552 0.820303
522.593564 377.006339 0.820353
522.860984 377.293139 0.820403
523.128389 377.579952 0.820452
523.395780 377.866779 0.820501
523.663157 378.153618 0.820549
523.930520 378.440471 0.820597
524.197870 378.727336 0.820644
524.465206 379.014214 0.820691
524.732528 379.301105 0.820738
524.999838 379.588008 0.820783
525.267134 379.874923 0.820829
525.534417 380.161850 0.820874
525.801687 380.448790 0.820919
526.068944 380.735741 0.820963
526.336189 381.022704 0.821006
526.603421 381.309679 0.821050
526.870641 381.596665 0.821092
527.137848 381.883663 0.821135
527.405043 382.170672 0.821177
527.672227 382.457692 0.821218
527.939398 382.744724 0.821259
528.206558 383.031766 0.821300
528.354272 383.190487 0.815118
528.489319 383.333810 0.809016
528.632856 383.484292 0.803445
528.788392 383.645546 0.797305
528.943774 383.804672 0.791931
529.090818 383.953650 0.786544
529.226570 384.089714 0.781473
529.383596 384.245512 0.776004
529.522099 384.381437 0.770152
529.664882 384.519931 0.764320
529.825165 384.673596 0.758825
529.959487 384.800963 0.753031
530.114520 384.946271 0.747921
530.255591 385.077145 0.742599
530.389420 385.199983 0.737554
530.546360 385.342581 0.732588
530.682474 385.465027 0.727278
530.838738 385.604107 0.722303
530.979734 385.728346 0.717369
531.143045 385.870822 0.712369
531.291913 385.999392 0.707276
531.432152 386.119269 0.702352
531.571273 386.237010 0.697509
531.726462 386.367065 0.692059
531.862520 386.479830 0.687395
532.019741 386.608903 0.682508
532.152599 386.716892 0.677891
532.312480 386.845625 0.672439
532.452289 386.956945 0.667634
532.595635 387.069961 0.662557
532.741662 387.183893 0.658146
532.887587 387.296714 0.654002
533.026854 387.403466 0.649157
533.167319 387.510062 0.644479
533.312298 387.619018 0.640097
533.466391 387.733770 0.635551
533.614381 387.842935 0.630595
533.778791 387.962959 0.626104
533.926166 388.069535 0.621175
534.083069 388.181828 0.616713
534.231005 388.286709 0.612768
534.395321 388.402231 0.608246
534.543410 388.505346 0.604415
534.673331 388.595075 0.600373
534.806489 388.686246 0.595977
534.941447 388.777781 0.592338
535.077954 388.869643 0.588480
535.228165 388.969887 0.584068
535.374472 389.066596 0.579440
535.510060 389.155320 0.575910
535.674572 389.262144 0.571726
535.806972 389.347331 0.567720
535.950933 389.439144 0.564155
536.096298 389.531124 0.560715
536.236476 389.619148 0.556566
536.366133 389.699817 0.553066
536.505716 389.785986 0.549121
536.654988 389.877325 0.545007
536.779136 389.952590 0.540782
536.929332 390.042782 0.537378
537.063571 390.122771 0.533485
537.213202 390.211145 0.529895
537.338480 390.284530 0.525616
537.478809 390.365926 0.521818
537.632559 390.454329 0.517587
537.793709 390.546082 0.513599
537.917959 390.616171 0.510071
538.046195 390.687912 0.505912
538.187921 390.766429 0.501850
538.319710 390.838743 0.497876
538.456807 390.913262 0.493781
538.587090 390.983387 0.490054
538.728411 391.058776 0.486622
538.852628 391.124494 0.483121
538.985992 391.194454 0.479563
539.136308 391.272627 0.475734
539.268053 391.340502 0.472100
539.410984 391.413484 0.468500
539.538835 391.478187 0.465902
539.670626 391.544454 0.462139
539.823048 391.620378 0.458321
539.972015 391.693873 0.455536
540.113291 391.763084 0.452568
540.234354 391.821948 0.449543
540.377425 391.890978 0.446676
540.531222 391.964641 0.443480
540.671899 392.031468 0.439983
540.819172 392.100799 0.436641
540.940691 392.157509 0.433217
541.090745 392.226912 0.429873
541.218178 392.285336 0.426929
541.345185 392.343113 0.423578
541.470149 392.399455 0.420102
541.594549 392.455024 0.416949
541.733615 392.516619 0.414420
541.857677 392.571194 0.411979
541.980548 392.624886 0.408593
542.109264 392.680615 0.406463
542.240128 392.736944 0.403856
542.366318 392.790870 0.401223
542.488669 392.842776 0.398454
542.611387 392.894437 0.395088
542.741681 392.948771 0.392384
542.880455 393.006202 0.389096
543.019573 393.063240 0.386706
543.132416 393.109191 0.384661
543.263270 393.162164 0.381658
543.384518 393.210825 0.378470
543.525293 393.266803 0.375343
543.671735 393.324505 0.373132
543.804313 393.376405 0.370321
543.918282 393.420652 0.367833
544.059014 393.474886 0.365187
544.203001 393.529937 0.363114
544.324448 393.576082 0.360779
544.443174 393.620877 0.357885
544.553387 393.662095 0.355247
544.699014 393.716121 0.352354
544.820022 393.760615 0.349524
544.946620 393.806759 0.347607
545.087710 393.857879 0.345521
545.212297 393.902725 0.342971
545.342738 393.949304 0.340225
545.452288 393.988083 0.338291
545.560164 394.026036 0.335939
545.665417 394.062787 0.334095
545.788709 394.105583 0.332528
545.909172 394.147185 0.329726
546.010774 394.181955 0.327196
546.121219 394.219439 0.325306
546.256719 394.265142 0.323189
546.381581 394.306962 0.321644
546.508404 394.349222 0.318865
546.635429 394.391157 0.316309
546.775629 394.437044 0.314741
546.902906 394.478481 0.312794
547.019493 394.516186 0.311088
547.130950 394.552023 0.309693
547.243717 394.588107 0.307563
547.359864 394.625000 0.305521
547.480040 394.662903 0.302849
547.602640 394.701211 0.300344
547.722275 394.738263 0.298988
547.847098 394.776737 0.296558
547.955419 394.809837 0.295406
548.079997 394.847747 0.292853
548.179047 394.877613 0.291553
548.282673 394.908711 0.290002
548.410312 394.946801 0.288329
548.521225 394.979697 0.286401
548.621479 395.009221 0.283838
548.723391 395.038951 0.282537
548.833216 395.070833 0.280579
548.930687 395.098922 0.278862
549.028968 395.127063 0.277805
549.156775 395.163511 0.276246
549.251176 395.190273 0.273708
549.381101 395.226750 0.271754
549.471767 395.252014 0.269242
549.583317 395.282795 0.267135
549.699207 395.314511 0.265768
549.815663 395.346211 0.263693
549.941381 395.380153 0.262280
550.053172 395.410165 0.260358
550.176328 395.442974 0.259076
550.278060 395.469936 0.256989
550.404824 395.503250 0.254636
550.501515 395.528417 0.252463
550.603222 395.554654 0.251027
550.699105 395.579242 0.250130
550.803927 395.606022 0.248863
550.929132 395.637840 0.247482
551.038742 395.665535 0.246482
551.148384 395.693120 0.245190
551.252712 395.719226 0.243759
551.347085 395.742697 0.242795
551.445316 395.767027 0.241778
551.545818 395.791811 0.239747
551.653499 395.818133 0.238482
551.776065 395.847930 0.237005
551.881807 395.873471 0.235315
551.980034 395.897022 0.234278
552.089595 395.923170 0.232464
552.203181 395.950061 0.230439
552.313674 395.975983 0.228985
552.431950 396.003550 0.227319
552.542451 396.029111 0.225161
552.660655 396.056185 0.223792
552.760428 396.078894 0.222002
552.845172 396.098022 0.220581
552.935616 396.118302 0.218573
553.028337 396.138898 0.217247
553.117648 396.158611 0.216496
553.199939 396.176711 0.215335
553.300773 396.198766 0.214461
553.390742 396.218362 0.212307
553.505679 396.243137 0.211486
553.594336 396.262172 0.211091
553.700062 396.284827 0.209599
553.810736 396.308370 0.208968
553.886136 396.324360 0.207702
553.970849 396.342212 0.207215
554.084190 396.366040 0.205859
554.188065 396.387731 0.204437
554.271454 396.405020 0.202882
554.363380 396.423930 0.200958
554.467394 396.445119 0.198923
554.545103 396.460784 0.198382
554.635799 396.479016 0.197030
554.724505 396.496724 0.195947
554.804553 396.512613 0.195605
554.892301 396.529999 0.193686
554.963944 396.544052 0.192432
555.035244 396.557944 0.191102
555.132582 396.576775 0.189250
555.214776 396.592519 0.188549
555.301911 396.609146 0.186762
555.379777 396.623859 0.186383
555.474332 396.641690 0.185675
555.576778 396.660933 0.185126
555.683165 396.680856 0.184593
555.765195 396.696173 0.184378
555.840761 396.710265 0.183647
555.912581 396.723605 0.181719
556.014837 396.742394 0.181382
556.112629 396.760329 0.180556
556.189887 396.774432 0.179960
556.259463 396.787090 0.179051
556.362137 396.805673 0.177163
556.443189 396.820185 0.175432
556.526705 396.834988 0.174607
556.629876 396.853188 0.173954
556.725202 396.869940 0.172656
556.827017 396.887695 0.172356
556.924869 396.904730 0.170859
556.996365 396.917066 0.170494
557.082232 396.931849 0.170270
557.156871 396.944682 0.169746
557.225074 396.956372 0.168279
557.297355 396.968651 0.167900
557.391732 396.984648 0.166169
557.481511 396.999705 0.164968
557.564445 397.013512 0.164890
557.638057 397.025761 0.164398
557.709892 397.037678 0.164376
557.782299 397.049689 0.163908
557.849022 397.060724 0.163660
557.935335 397.074978 0.162812
558.024800 397.089674 0.162015
558.103987 397.102617 0.161304
558.183788 397.115602 0.159568
558.268560 397.129244 0.158968
558.345107 397.141517 0.158941
558.429636 397.155066 0.158907
558.498065 397.166032 0.157653
558.560294 397.175925 0.156053
558.648698 397.189834 0.155657
558.721164 397.201206 0.155716
558.816733 397.216209 0.154031
558.912118 397.231018 0.152246
558.985878 397.242336 0.152188
559.052458 397.252547 0.151086
559.125788 397.263711 0.150278
559.186801 397.272950 0.149634
559.250319 397.282526 0.149241
559.317906 397.292688 0.149234
559.377766 397.301688 0.147506
559.455988 397.313311 0.145726
559.550005 397.327110 0.145596
559.630156 397.338862 0.145481
559.708357 397.350320 0.145422
559.795847 397.363134 0.144844
559.884115 397.376009 0.144809
559.942091 397.384463 0.144817
560.034169 397.397892 0.143120
560.108408 397.408590 0.142099
560.193331 397.420740 0.140463
560.270365 397.431632 0.139435
560.352302 397.443131 0.137865
560.412345 397.451462 0.138053
560.483369 397.461330 0.136817
560.570217 397.473287 0.136454
560.657420 397.485260 0.135716
560.747166 397.497516 0.134820
560.813217 397.506475 0.133149
560.878899 397.515272 0.132677
560.940024 397.523430 0.131258
561.022984 397.534383 0.131063
561.076548 397.541443 0.130045
561.157856 397.552077 0.129067
561.241845 397.562978 0.127715
561.301923 397.570693 0.126354
561.371601 397.579544 0.125004
561.431800 397.587108 0.124272
561.503808 397.596103 0.124153
561.562683 397.603451 0.123476
561.632151 397.612072 0.122303
561.687282 397.618849 0.122181
561.747729 397.626271 0.121596
561.805291 397.633305 0.121524
561.858394 397.639790 0.122030
561.937175 397.649452 0.121104
561.987990 397.655636 0.120076
562.063405 397.664735 0.119755
562.122706 397.671871 0.119203
562.191941 397.680163 0.117848
562.244600 397.686398 0.116444
562.299567 397.692828 0.115637
562.355642 397.699341 0.116086
562.421988 397.707078 0.115789
562.475414 397.713292 0.115872
562.526543 397.719243 0.115185
562.605390 397.728365 0.114190
562.665519 397.735261 0.113915
562.728068 397.742418 0.112577
562.786860 397.749064 0.112237
562.849160 397.756086 0.112651
562.921281 397.764245 0.111632
562.969386 397.769638 0.111425
563.017800 397.775055 0.111629
563.070483 397.780960 0.111529
563.118526 397.786341 0.111563
563.187111 397.794024 0.111718
563.254255 397.801557 0.111111
563.326381 397.809604 0.109753
563.407424 397.818534 0.109810
563.473412 397.825810 0.110323
563.538011 397.832966 0.109433
563.587180 397.838368 0.108049
563.633702 397.843414 0.106557
563.709118 397.851481 0.105903
563.757205 397.856593 0.105412
563.809714 397.862148 0.103857
563.861690 397.867566 0.103476
563.941560 397.875860 0.102896
564.016794 397.883629 0.103038
564.087335 397.890923 0.101898
564.131662 397.895455 0.100737
564.185333 397.900880 0.101277
564.230411 397.905461 0.101986
564.291893 397.911754 0.102369
564.367409 397.919511 0.102506
564.438191 397.926792 0.101763
564.489032 397.931984 0.102184
564.549867 397.938222 0.101796
564.601484 397.943495 0.102538
564.672295 397.950781 0.101137
564.743305 397.957987 0.100123
564.809606 397.964648 0.098846
564.865043 397.970146 0.099283
564.939694 397.977582 0.098256
565.014097 397.984916 0.097626
565.078555 397.991229 0.097959
565.136183 397.996892 0.096941
565.197633 398.002868 0.097335
565.267472 398.009687 0.096878
565.309741 398.013795 0.096321
565.351678 398.017847 0.096013
565.402885 398.022778 0.096599
565.460693 398.028380 0.096999
565.534773 398.035588 0.096382
565.602749 398.042160 0.096038
565.651823 398.046888 0.095969
565.717683 398.053228 0.095380
565.789362 398.060086 0.095550
565.858617 398.066723 0.094248
565.905582 398.071163 0.094662
565.951171 398.075491 0.093637
565.995137 398.079620 0.092388
566.035672 398.083376 0.092976
566.082815 398.087771 0.091834
566.132962 398.092390 0.091535
566.178323 398.096553 0.091089
566.242340 398.102401 0.090742
566.286688 398.106436 0.089975
566.327934 398.110157 0.090185
566.368223 398.113801 0.088654
566.412360 398.117724 0.089420
566.468171 398.122728 0.089691
566.512965 398.126756 0.089221
566.579371 398.132697 0.089856
566.645313 398.138638 0.089442
566.690658 398.142705 0.088519
566.749977 398.147969 0.088443
566.791788 398.151677 0.087511
566.859022 398.157576 0.088165
566.907645 398.161874 0.087575
566.946389 398.165275 0.086946
567.011100 398.170916 0.087119
567.071925 398.176228 0.087259
567.138953 398.182092 0.086909
567.207253 398.188043 0.085930
567.243046 398.191126 0.085232
567.280647 398.194339 0.086443
567.326300 398.198295 0.085399
567.386600 398.203457 0.084781
567.450523 398.208890 0.085271
567.515547 398.214448 0.085539
567.580215 398.219993 0.084940
567.633587 398.224537 0.084501
567.676429 398.228166 0.085421
567.732115 398.232935 0.086142
567.775548 398.236685 0.084792
567.840782 398.242230 0.084852
567.896284 398.246951 0.083724
567.955666 398.251934 0.083955
567.998452 398.255535 0.083724
568.060221 398.260718 0.082570
568.103366 398.264289 0.082621
568.140251 398.267343 0.082294
568.200180 398.272286 0.081830
568.261405 398.277307 0.081223
568.298142 398.280298 0.080941
568.344029 398.284020 0.081261
568.385567 398.287403 0.081941
568.420361 398.290260 0.082031
568.475177 398.294767 0.082839
568.519443 398.298443 0.082521
568.555952 398.301462 0.082004
568.614552 398.306278 0.081635
568.648558 398.309061 0.082710
568.699801 398.313309 0.082822
568.738364 398.316510 0.083047
568.775313 398.319585 0.081662
568.821207 398.323342 0.080526
568.855876 398.326139 0.080620
568.905232 398.330127 0.080340
568.966264 398.335041 0.079945
569.005636 398.338195 0.080956
569.040236 398.341003 0.081269
569.075434 398.343869 0.080613
569.110758 398.346723 0.081719
569.159967 398.350753 0.080551
569.200402 398.354017 0.078952
569.238421 398.357025 0.078682
569.278547 398.360189 0.079611
569.319933 398.363491 0.080386
569.355560 398.366361 0.080639
569.389875 398.369134 0.081179
569.429861 398.372387 0.081628
569.469941 398.375666 0.080634
569.504190 398.378434 0.078988
569.542668 398.381480 0.078113
569.603162 398.386215 0.077732
569.661647 398.390770 0.076302
569.710670 398.394518 0.076623
569.742612 398.396970 0.076251
569.782754 398.400037 0.075271
569.842175 398.404518 0.074309
569.878546 398.407226 0.075565
569.912344 398.409785 0.075494
569.961519 398.413504 0.074817
570.004205 398.416704 0.074366
570.055438 398.420521 0.074850
570.103529 398.424127 0.075662
570.136710 398.426642 0.074111
570.189216 398.430541 0.073546
570.217826 398.432649 0.072588
570.272891 398.436653 0.072911
570.313785 398.439640 0.072080
570.368126 398.443563 0.071244
570.403515 398.446089 0.071775
570.444854 398.449061 0.071262
570.501619 398.453113 0.071854
570.555066 398.456960 0.072310
570.591236 398.459580 0.072309
570.629005 398.462316 0.072167
570.682644 398.466194 0.073055
570.726425 398.469398 0.073404
570.768806 398.472514 0.072508
570.809436 398.475466 0.072070
570.851654 398.478514 0.072191
570.879066 398.480496 0.072428
570.916350 398.483201 0.071704
570.954491 398.485941 0.071122
571.008077 398.489758 0.070681
571.037317 398.491828 0.071925
571.067552 398.494007 0.073201
571.105904 398.496819 0.073221
571.148921 398.499975 0.073070
571.185909 398.502682 0.072944
571.216335 398.504905 0.074360
571.250503 398.507451 0.075653
571.283479 398.509950 0.074936
571.330552 398.513485 0.073870
571.363258 398.515905 0.074926
571.412417 398.519595 0.074846
571.460443 398.523196 0.074742
571.496298 398.525881 0.074016
571.528421 398.528263 0.074928
571.564741 398.530990 0.074680
571.593422 398.533136 0.074521
571.626129 398.535577 0.074254
571.655213 398.537741 0.073038
571.698126 398.540881 0.073824
571.749469 398.544678 0.073946
571.786534 398.547424 0.072580
571.825132 398.550230 0.071944
571.859401 398.552700 0.071949
571.903807 398.555901 0.070548
571.941405 398.558557 0.071294
571.971096 398.560678 0.069706
572.023830 398.564360 0.068400
572.074134 398.567806 0.069132
572.114303 398.570587 0.067797
572.151167 398.573090 0.066539
572.180604 398.575052 0.065169
572.225202 398.577962 0.066056
572.260449 398.580294 0.065971
572.310726 398.583616 0.066143
572.360541 398.586915 0.065096
572.400977 398.589551 0.064925
572.427773 398.591294 0.064324
572.477391 398.594490 0.065353
572.501394 398.596060 0.064900
572.526632 398.597701 0.066592
572.557025 398.599728 0.065912
572.589247 398.601855 0.066419
572.613621 398.603476 0.065097
572.661239 398.606580 0.065601
572.702002 398.609258 0.065106
572.743204 398.611944 0.063735
572.787444 398.614768 0.064808
572.825068 398.617209 0.063417
572.869017 398.620000 0.062300
572.895539 398.621655 0.061461
572.935089 398.624089 0.061393
572.973642 398.626459 0.061395
573.020346 398.629330 0.061125
573.062888 398.631933 0.061770
573.096486 398.634011 0.060487
573.124909 398.635732 0.061994
573.157577 398.637760 0.060585
573.188513 398.639637 0.059992
573.215115 398.641235 0.058993
573.249223 398.643249 0.057668
573.274850 398.644729 0.059196
573.324647 398.647680 0.060171
573.359593 398.649785 0.060700
573.387379 398.651474 0.060797
573.425670 398.653805 0.059481
573.473699 398.656665 0.059094
573.502532 398.658371 0.059682
573.536707 398.660413 0.059105
573.560057 398.661795 0.058822
573.583407 398.663170 0.060196
573.620148 398.665384 0.060568
573.652885 398.667369 0.061203
573.687249 398.669475 0.060713
573.733471 398.672285 0.061199
573.765406 398.674242 0.061705
573.801606 398.676478 0.060594
573.844767 398.679097 0.060316
573.868695 398.680542 0.058852
573.898434 398.682294 0.060031
573.937248 398.684627 0.059533
573.958535 398.685896 0.059618
573.984744 398.687460 0.058422
574.028903 398.690043 0.059515
574.057572 398.691751 0.059085
574.098133 398.694150 0.058218
574.145228 398.696895 0.058513
574.178109 398.698821 0.058120
574.200074 398.700099 0.059429
574.240024 398.702476 0.058666
574.279662 398.704804 0.058910
574.305195 398.706310 0.057157
574.340641 398.708339 0.056461
574.363605 398.709636 0.057091
574.405536 398.712033 0.056328
574.426098 398.713192 0.057382
574.447240 398.714407 0.058011
574.470037 398.715731 0.057181
574.501220 398.717516 0.056737
574.531023 398.719209 0.058232
574.562240 398.721029 0.057750
574.587712 398.722501 0.056487
574.633389 398.725084 0.055535
574.658727 398.726493 0.055261
574.684244 398.727904 0.055115
574.710815 398.729370 0.056752
574.733566 398.730663 0.056975
574.758073 398.732060 0.056467
574.791340 398.733941 0.055657
574.820699 398.735577 0.054098
574.855327 398.737452 0.052600
574.896214 398.739605 0.052096
574.932784 398.741511 0.053435
574.972124 398.743616 0.053452
574.999913 398.745102 0.052239
575.029897 398.746670 0.051426
575.049229 398.747665 0.051211
575.087061 398.749604 0.049772
575.087061 398.749604 0.049772
575.087061 398.749604 0.049772
575.087061 398.749604 0.049772
575.087061 398.749604 0.049772
575.087061 398.749604 0.049772
575.087061 398.749604 0.049772
575.087061 398.749604 0.049772
575.087061 398.749604 0.049772
575.087061 398.749604 0.049772
575.087061 398.749604 0.049772
575.087061 398.749604 0.049772
575.087061 398.749604 0.049772
575.087061 398.749604 0.049772
575.087061 398.749604 0.049772
575.087061 398.749604 0.049772
575.087061 398.749604 0.049772
575.087061 398.749604 0.049772
575.087061 398.749604 0.049772
575.087061 398.749604 0.049772
575.087061 398.749604 0.049772
575.087061 398.749604 0.049772
575.087061 398.749604 0.049772
575.087061 398.749604 0.049772
575.087061 398.749604 0.049772
575.087061 398.749604 0.049772
575.087061 398.749604 0.049772
575.087061 398.749604 0.049772
575.087061 398.749604 0.049772
575.087061 398.749604 0.049772
575.087061 398.749604 0.049772
575.087061 398.749604 0.049772
575.087061 398.749604 0.049772
575.087061 398.749604 0.049772
575.087061 398.749604 0.049772
575.087061 398.749604 0.049772
575.087061 398.749604 0.049772
575.087061 398.749604 0.049772
575.087061 398.749604 0.049772
575.087061 398.749604 0.049772
575.087061 398.749604 0.049772
575.087061 398.749604 0.049772
575.087061 398.749604 0.049772
575.087061 398.749604 0.049772
575.087061 398.749604 0.049772
575.087061 398.749604 0.049772
575.087061 398.749604 0.049772
575.087061 398.749604 0.049772
575.087061 398.749604 0.049772
575.087061 398.749604 0.049772
575.087061 398.749604 0.049772
575.087061 398.749604 0.049772
575.087061 398.749604 0.049772
575.087061 398.749604 0.049772
575.087061 398.749604 0.049772
575.087061 398.749604 0.049772
575.087061 398.749604 0.049772
575.087061 398.749604 0.049772
575.087061 398.749604 0.049772
575.087061 398.749604 0.049772
575.087061 398.749604 0.049772
575.087061 398.749604 0.049772
575.087061 398.749604 0.049772
575.087061 398.749604 0.049772
575.087061 398.749604 0.049772
575.087061 398.749604 0.049772
575.087061 398.749604 0.049772
575.087061 398.749604 0.049772
575.087061 398.749604 0.049772
575.087061 398.749604 0.049772
575.087061 398.749604 0.049772
575.087061 398.749604 0.049772
575.087061 398.749604 0.049772
575.087061 398.749604 0.049772
575.087061 398.749604 0.049772
575.087061 398.749604 0.049772
575.087061 398.749604 0.049772
575.087061 398.749604 0.049772
575.087061 398.749604 0.049772
575.087061 398.749604 0.049772
575.087061 398.749604 0.049772
575.087061 398.749604 0.049772
575.087061 398.749604 0.049772
575.087061 398.749604 0.049772
575.087061 398.749604 0.049772
575.087061 398.749604 0.049772
575.087061 398.749604 0.049772
575.087061 398.749604 0.049772
575.087061 398.749604 0.049772
575.087061 398.749604 0.049772
575.087061 398.749604 0.049772
575.087061 398.749604 0.049772
575.087061 398.749604 0.049772
575.087061 398.749604 0.049772
575.087061 398.749604 0.049772
575.087061 398.749604 0.049772
575.087061 398.749604 0.049772
575.087061 398.749604 0.049772
575.087061 398.749604 0.049772
575.087061 398.749604 0.049772
575.087061 398.749604 0.049772
575.087061 398.749604 0.049772
575.087061 398.749604 0.049772
575.087061 398.749604 0.049772
575.087061 398.749604 0.049772
575.087061 398.749604 0.049772
575.087061 398.749604 0.049772
575.087061 398.749604 0.049772
575.087061 398.749604 0.049772
575.087061 398.749604 0.049772
575.087061 398.749604 0.049772
575.087061 398.749604 0.049772
575.087061 398.749604 0.049772
575.087061 398.749604 0.049772
575.087061 398.749604 0.049772
575.087061 398.749604 0.049772
575.087061 398.749604 0.049772
575.087061 398.749604 0.049772
575.087061 398.749604 0.049772
575.087061 398.749604 0.049772
575.087061 398.749604 0.049772
575.087061 398.749604 0.049772
575.087061 398.749604 0.049772
575.087061 398.749604 0.049772
575.087061 398.749604 0.049772
575.087061 398.749604 0.049772
575.087061 398.749604 0.049772
575.087061 398.749604 0.049772
575.087061 398.749604 0.049772
575.087061 398.749604 0.049772
575.087061 398.749604 0.049772
575.087061 398.749604 0.049772
575.087061 398.749604 0.049772
575.087061 398.749604 0.049772
575.087061 398.749604 0.049772
575.087061 398.749604 0.049772
575.087061 398.749604 0.049772
575.087061 398.749604 0.049772
575.087061 398.749604 0.049772
575.087061 398.749604 0.049772
575.087061 398.749604 0.049772
575.087061 398.749604 0.049772
575.087061 398.749604 0.049772
575.087061 398.749604 0.049772
575.087061 398.749604 0.049772
575.087061 398.749604 0.049772
575.087061 398.749604 0.049772
575.087061 398.749604 0.049772
575.087061 398.749604 0.049772
575.087061 398.749604 0.049772
575.087061 398.749604 0.049772
575.087061 398.749604 0.049772
575.087061 398.749604 0.049772
575.087061 398.749604 0.049772
575.087061 398.749604 0.049772
575.087061 398.749604 0.049772
575.087061 398.749604 0.049772
575.087061 398.749604 0.049772
575.087061 398.749604 0.049772
575.087061 398.749604 0.049772
575.087061 398.749604 0.049772
575.087061 398.749604 0.049772
575.087061 398.749604 0.049772
575.087061 398.749604 0.049772
575.087061 398.749604 0.049772
575.087061 398.749604 0.049772
575.087061 398.749604 0.049772
575.087061 398.749604 0.049772
575.087061 398.749604 0.049772
575.087061 398.749604 0.049772
575.087061 398.749604 0.049772
575.087061 398.749604 0.049772
575.087061 398.749604 0.049772
575.087061 398.749604 0.049772
575.087061 398.749604 0.049772
575.087061 398.749604 0.049772
575.087061 398.749604 0.049772
575.087061 398.749604 0.049772
575.087061 398.749604 0.049772
575.087061 398.749604 0.049772
575.087061 398.749604 0.049772
575.087061 398.749604 0.049772
575.087061 398.749604 0.049772
575.087061 398.749604 0.049772
575.087061 398.749604 0.049772
575.087061 398.749604 0.049772
575.087061 398.749604 0.049772
575.087061 398.749604 0.049772
575.087061 398.749604 0.049772
575.087061 398.749604 0.049772
575.087061 398.749604 0.049772
575.087061 398.749604 0.049772
575.087061 398.749604 0.049772
575.087061 398.749604 0.049772
575.087061 398.749604 0.049772
575.087061 398.749604 0.049772
575.087061 398.749604 0.049772
575.087061 398.749604 0.049772
575.087061 398.749604 0.049772
575.087061 398.749604 0.049772
575.087061 398.749604 0.049772
575.087061 398.749604 0.049772
575.087061 398.749604 0.049772
575.087061 398.749604 0.049772
575.087061 398.749604 0.049772
575.087061 398.749604 0.049772
575.087061 398.749604 0.049772
575.087061 398.749604 0.049772
575.087061 398.749604 0.049772
575.087061 398.749604 0.049772
575.087061 398.749604 0.049772
575.087061 398.749604 0.049772
575.087061 398.749604 0.049772
575.087061 398.749604 0.049772
575.087061 398.749604 0.049772
575.087061 398.749604 0.049772
575.087061 398.749604 0.049772
575.087061 398.749604 0.049772
575.087061 398.749604 0.049772
575.087061 398.749604 0.049772
575.087061 398.749604 0.049772
575.087061 398.749604 0.049772
575.087061 398.749604 0.049772
575.087061 398.749604 0.049772
575.087061 398.749604 0.049772
575.087061 398.749604 0.049772
575.087061 398.749604 0.049772
575.087061 398.749604 0.049772
575.087061 398.749604 0.049772
575.087061 398.749604 0.049772
575.087061 398.749604 0.049772
575.087061 398.749604 0.049772
575.087061 398.749604 0.049772
575.087061 398.749604 0.049772
575.087061 398.749604 0.049772
575.087061 398.749604 0.049772
575.087061 398.749604 0.049772
575.087061 398.749604 0.049772
