100.000000 100.000000 0.000000
100.531159 99.860903 0.004876
101.186497 100.293120 0.008012
101.391271 100.062286 0.013215
101.344469 99.771246 0.020713
102.433789 100.354384 0.026892
103.024970 99.610384 0.030592
103.546523 99.995115 0.035667
104.210045 99.715004 0.040341
105.024215 99.957079 0.044805
106.082644 100.400520 0.050991
106.494006 99.747512 0.056904
106.558842 99.844971 0.062950
107.772326 100.431401 0.067366
107.903252 99.926283 0.071637
108.460910 100.376115 0.076582
109.502018 100.376095 0.082077
109.916002 99.939867 0.085706
110.426093 100.831533 0.093076
110.751350 100.783917 0.099598
111.399208 100.996603 0.103833
111.812727 100.504170 0.108558
112.697809 100.842376 0.112991
113.334739 100.358307 0.116474
112.966598 100.430376 0.119837
114.237586 101.176571 0.123864
114.394526 100.437236 0.126205
115.861659 101.465989 0.129904
115.812122 101.646573 0.133275
116.214984 101.614281 0.136126
117.452328 100.726422 0.140906
117.449213 101.251568 0.143923
118.496608 101.608254 0.146088
118.153259 101.663303 0.148955
118.343643 101.682707 0.153831
119.488953 101.348207 0.157945
119.979141 101.763958 0.161476
120.806424 101.224302 0.164993
120.783031 101.571768 0.169694
122.149594 102.205994 0.175215
122.474043 101.586565 0.177847
122.803791 102.312651 0.182061
122.739648 102.350259 0.185552
123.684630 102.804390 0.189197
124.241844 102.909073 0.190086
125.275855 102.262461 0.193001
126.319877 102.388988 0.198210
126.702085 102.679184 0.200350
126.400897 102.978048 0.201299
126.746699 103.170603 0.203649
127.612529 103.650029 0.210151
128.356148 102.819590 0.215998
129.269866 103.860817 0.218644
129.515483 103.320676 0.219840
130.479081 103.753218 0.224387
129.854790 104.062887 0.224168
130.662244 103.671852 0.228317
131.674630 103.471596 0.231752
131.696322 104.219811 0.234507
133.173215 104.264859 0.238409
133.856489 104.646907 0.240665
133.887265 103.975542 0.240993
134.982572 104.397591 0.242902
134.387975 105.040347 0.247868
135.777735 105.377481 0.249198
135.497242 104.683790 0.253705
137.213747 105.105282 0.259585
137.113214 104.984639 0.260980
137.653365 105.673241 0.264748
139.499073 106.109741 0.266532
139.542887 105.756256 0.270810
140.704985 106.194054 0.270355
140.766706 106.078546 0.274199
141.939351 106.074659 0.277689
142.635283 106.266184 0.280303
142.767209 107.378860 0.282498
143.227053 106.636911 0.286394
142.816735 106.558948 0.287452
144.112125 107.159521 0.290419
144.211482 107.772474 0.290458
144.476078 108.028301 0.292587
145.020163 108.196732 0.297131
145.613093 108.009587 0.300802
145.225378 108.257196 0.302532
147.110417 108.545240 0.303664
147.275212 108.434994 0.309387
146.851093 108.709008 0.309654
148.280730 108.723149 0.312309
148.657726 108.559662 0.314946
149.075559 109.370144 0.317416
150.212706 109.595533 0.320055
150.723327 109.171965 0.320735
151.659722 109.051549 0.324336
152.068610 110.239156 0.324792
152.042924 109.834164 0.331646
153.109535 110.688256 0.331700
152.366268 110.291165 0.331168
154.155088 110.167100 0.336104
154.132635 110.380652 0.339989
154.474039 110.361544 0.340081
155.707481 110.593588 0.342661
155.531684 111.328605 0.347559
155.733512 111.235318 0.350492
156.735557 111.970162 0.350322
157.802860 112.028165 0.354728
157.084839 111.366213 0.356017
158.502359 111.800699 0.360151
158.713304 112.014669 0.361187
159.039932 112.994902 0.360794
160.434702 112.539019 0.364946
159.695991 112.698328 0.368748
161.015584 112.989085 0.370012
160.870222 112.931579 0.372674
161.889260 113.236172 0.373678
162.021229 113.295200 0.374539
162.486875 113.437241 0.379382
164.416571 113.952976 0.381321
164.416114 113.982119 0.385677
164.292552 114.570004 0.384979
165.500927 115.405906 0.389304
166.279092 115.314370 0.388649
166.132808 115.494019 0.393319
166.291410 114.873354 0.394743
167.980852 115.189480 0.392867
167.617919 116.371562 0.399677
167.679375 115.677116 0.400034
168.106255 115.862486 0.400571
169.188338 116.856851 0.399672
169.505800 116.156903 0.405869
169.402474 116.164672 0.407847
170.701515 117.096097 0.404777
170.027509 117.400590 0.410790
170.683665 116.837590 0.411717
171.744918 117.660389 0.413658
172.145781 118.102861 0.415651
173.107015 117.518388 0.418000
174.192947 117.683498 0.418204
173.496526 118.103784 0.417053
173.139816 119.012659 0.421537
173.777930 118.745893 0.419148
174.284141 118.891859 0.421152
175.673256 118.694499 0.424087
175.564986 119.023534 0.425593
176.663072 119.078287 0.425927
176.661722 119.955463 0.430126
178.305285 119.636050 0.427913
178.753948 120.604899 0.432201
177.866558 120.837516 0.434799
178.371347 120.762282 0.430850
178.581602 121.203761 0.435037
180.093989 121.514404 0.438898
180.095184 122.196140 0.440136
182.173264 122.181934 0.438107
182.038771 122.699549 0.441669
181.625479 122.924175 0.444109
182.430026 122.655176 0.443682
182.551160 123.320988 0.445499
182.933304 122.780682 0.444765
183.252747 123.645291 0.450613
185.477091 122.878205 0.446790
185.734199 123.022286 0.450735
184.986144 124.278403 0.451493
186.035830 124.208156 0.454186
185.386437 123.653496 0.455192
187.724626 124.057148 0.456618
187.163969 124.480281 0.456310
188.250895 124.738795 0.458209
188.407449 124.791806 0.459173
188.796977 125.248160 0.466191
189.971189 125.755724 0.464800
188.951048 125.614245 0.469328
190.747034 126.775951 0.468386
190.134832 126.727461 0.465273
190.586440 127.022116 0.468388
191.377432 126.603558 0.470830
192.431158 127.314176 0.469792
192.955400 127.093397 0.474713
191.716160 127.136681 0.475197
193.209702 127.022959 0.476591
192.709663 127.886756 0.479983
194.709461 127.849086 0.477143
193.392023 128.364234 0.479847
194.511188 128.796807 0.477484
196.091965 128.972907 0.480093
195.944325 128.809006 0.483381
195.686119 128.870242 0.483316
196.396448 129.103098 0.486504
197.836712 129.971118 0.484460
197.294687 129.860487 0.488298
197.043145 129.571365 0.488040
198.273167 130.922728 0.486535
197.900972 131.164889 0.487730
199.356570 130.319750 0.491404
199.515422 131.170970 0.489656
199.824941 131.393693 0.494529
200.623207 131.686902 0.489940
201.798733 131.617431 0.495967
200.373158 132.695599 0.493984
202.509629 132.065492 0.499276
201.081883 132.250504 0.498458
202.640369 132.021372 0.500806
202.498003 132.689773 0.495560
203.620397 133.063960 0.502627
203.816805 133.010967 0.502469
204.138748 133.473339 0.503710
204.148280 133.664293 0.502307
204.947892 133.850401 0.499454
203.500977 133.596752 0.501825
204.794637 134.421881 0.505477
205.494119 133.758137 0.502669
204.575107 134.853843 0.508089
206.979644 134.779085 0.510201
206.022027 134.272147 0.509263
206.006367 135.037307 0.509452
208.112557 135.938098 0.510942
207.527985 134.920045 0.513135
207.246992 136.124599 0.511716
229.531077 139.517777 0.509990
230.224942 139.889662 0.516672
230.297550 140.052910 0.514014
230.738904 140.287763 0.512675
231.008632 140.329596 0.517779
230.964060 140.363568 0.518331
231.017813 140.836159 0.521251
231.319315 140.841183 0.525675
231.555284 140.826793 0.526059
232.155852 140.824544 0.523064
232.139835 141.398888 0.527148
232.308910 141.419249 0.527927
232.571953 141.472149 0.531399
233.124428 141.638245 0.529908
233.475743 141.747402 0.531134
233.437270 141.891214 0.532586
234.142923 142.401954 0.535366
234.330532 142.607717 0.537323
234.564901 142.510947 0.534403
234.714231 142.592219 0.536914
235.053432 142.620705 0.540802
235.293934 143.252997 0.542648
235.742510 143.492362 0.541816
235.927321 143.261244 0.547378
235.914637 143.481266 0.546111
236.256793 143.688320 0.543285
236.427278 143.974929 0.549427
236.877389 143.609710 0.550241
236.960378 143.994391 0.548064
237.210057 144.002161 0.553733
237.931235 144.595004 0.557205
237.962766 144.779780 0.556829
238.096694 144.647766 0.555925
238.584634 144.888298 0.557880
238.782079 145.304973 0.561883
238.752924 145.428215 0.560543
238.966806 145.495900 0.557780
239.543076 145.456248 0.561172
239.907610 146.054925 0.561026
240.109089 145.956080 0.564730
240.128108 146.060185 0.564551
240.669108 145.985109 0.563713
240.556473 146.588827 0.566746
240.872190 146.670832 0.570306
241.417241 146.465019 0.568740
241.300760 146.927643 0.570181
241.973756 147.076926 0.569977
242.041890 147.404674 0.576024
242.138635 147.451373 0.571787
242.214958 147.213179 0.575259
242.928174 147.441031 0.579370
242.571343 147.736289 0.580965
242.907645 148.048774 0.580855
243.294170 148.328466 0.578760
243.580187 148.278588 0.580265
243.944448 148.569598 0.578885
244.243982 148.571810 0.576188
244.146799 148.831221 0.578461
244.469211 148.805656 0.581898
244.798309 148.848243 0.581019
244.973110 148.980528 0.588392
244.950936 149.306552 0.582728
245.544506 149.219837 0.583302
245.535954 149.750519 0.584802
245.752660 149.984180 0.590414
246.238095 150.116951 0.584846
246.281346 150.212075 0.593354
246.920510 150.120714 0.593431
247.041353 150.625389 0.588345
246.990133 150.516016 0.592503
247.642374 150.734290 0.590376
247.762192 150.819590 0.590080
247.621943 150.804397 0.594442
247.901747 151.343605 0.595491
248.206539 151.325769 0.597580
248.630047 151.288539 0.601379
248.786622 151.706094 0.595701
249.281830 151.823868 0.599656
249.240004 151.862866 0.603788
249.681044 152.343374 0.602992
249.882969 152.617437 0.602095
249.861094 152.724357 0.601792
250.219253 152.523584 0.600747
250.625408 152.837290 0.605426
250.736727 153.055343 0.606210
250.976595 152.954250 0.601411
251.037576 153.050754 0.607331
251.128137 153.463954 0.608858
251.767226 153.352140 0.604802
251.689089 153.890687 0.611236
252.255924 153.894248 0.610814
252.143020 154.176241 0.608254
252.607925 154.370438 0.607182
252.827515 154.339413 0.611421
252.922636 154.634095 0.614572
253.298698 154.814827 0.612639
253.393293 154.988327 0.613181
253.765504 154.771591 0.616063
253.942218 155.086225 0.618837
254.134136 155.424604 0.617298
254.412592 155.752017 0.618826
254.376652 155.406741 0.619743
254.787781 156.040179 0.615454
254.867198 155.996866 0.622745
254.828375 155.950040 0.615967
255.432865 156.261498 0.617381
255.288350 156.619157 0.615704
255.961161 156.385925 0.620598
255.774051 156.554621 0.621968
256.356011 156.823730 0.623854
256.682815 157.366391 0.618791
256.436196 157.221684 0.624079
256.752317 157.182120 0.627001
256.974234 157.435334 0.620378
257.011059 157.468115 0.621355
257.679556 157.882905 0.626840
257.448222 157.639639 0.622784
257.756483 157.920687 0.627455
257.938007 158.238866 0.628140
258.373401 158.269237 0.629050
258.786172 158.928377 0.627326
258.942451 159.064054 0.626265
259.279014 159.234078 0.627917
259.886539 159.671557 0.631171
259.991491 159.448806 0.624497
260.174967 159.541997 0.629861
260.559556 159.785541 0.632037
260.752821 159.940993 0.630317
261.019966 160.140046 0.628676
261.168831 160.372163 0.627856
261.192219 160.315043 0.627114
261.273774 160.661831 0.629318
261.614565 161.028738 0.635394
261.806617 160.818231 0.628455
261.932723 161.215026 0.630126
262.356465 160.987605 0.630981
262.308932 161.617121 0.634780
262.792380 161.697235 0.632209
262.865871 161.815457 0.632756
263.423511 161.978275 0.638487
263.345745 162.135757 0.637583
263.462484 162.532251 0.637676
264.087576 162.541524 0.633101
264.423149 162.684506 0.639014
264.323558 162.899371 0.633245
264.809348 163.024019 0.638147
264.873733 163.190906 0.637618
264.871782 163.426579 0.635237
265.256812 163.373909 0.641548
265.280012 163.365185 0.639808
265.791929 163.820386 0.638670
265.708785 163.804467 0.644323
266.287295 163.954472 0.638943
266.556133 164.437643 0.636919
266.655566 164.750641 0.643560
267.124210 164.859939 0.644140
267.187013 164.742855 0.637637
267.440938 165.304682 0.640923
267.293253 165.282468 0.643002
267.882535 165.372640 0.644782
267.918966 165.666179 0.646630
268.362175 165.828624 0.640772
268.722231 165.804753 0.639919
268.759435 165.828377 0.640428
269.054229 166.271647 0.647164
269.095139 166.298553 0.639510
269.442186 166.483290 0.642618
269.439571 166.367063 0.641308
269.389916 166.552274 0.641633
269.884632 166.896904 0.650304
269.775041 167.139147 0.641580
270.439072 167.062573 0.646433
270.500548 167.272878 0.647459
270.657937 167.817438 0.647718
271.142960 167.618234 0.644054
271.362451 168.075645 0.645571
271.865874 168.286860 0.652412
272.138919 168.502224 0.643920
272.377828 168.495015 0.646171
272.034105 168.888531 0.646976
272.254452 169.193355 0.644981
272.975977 169.239925 0.650277
273.020004 169.282378 0.653757
273.004311 169.293921 0.650692
273.186627 169.735091 0.652274
273.474198 169.451915 0.650781
273.986303 169.899204 0.650722
273.868046 170.054270 0.650213
274.041447 170.055019 0.650148
274.202585 170.487436 0.650733
274.695904 170.376842 0.648634
275.072971 170.894948 0.655100
275.086021 171.079829 0.647535
275.396622 171.178899 0.654833
275.682940 171.164391 0.654859
275.484061 171.348195 0.655674
276.071779 171.699206 0.649639
276.421052 172.047000 0.650526
276.534991 171.814353 0.650654
276.625321 171.934532 0.657049
276.783454 172.529691 0.653052
277.348064 172.303585 0.653009
277.474994 172.763852 0.649899
277.521271 172.879863 0.650647
277.828844 173.166922 0.655427
278.366762 173.448193 0.658364
278.317012 173.498420 0.652537
278.416658 173.669903 0.652305
279.039655 173.591250 0.651767
278.955479 174.151691 0.652736
279.600191 174.292793 0.652923
279.881680 174.141930 0.657216
280.057350 174.470539 0.651740
280.236473 174.669635 0.652474
280.343805 175.067084 0.657367
280.869191 175.104084 0.656898
280.881850 175.708482 0.658263
281.078768 175.534196 0.658240
281.708050 175.977393 0.653667
281.840243 175.770332 0.659628
281.643563 176.146036 0.657823
282.029334 176.277128 0.661864
282.415206 176.629132 0.655981
282.644295 176.640100 0.658652
282.551626 176.762773 0.655047
283.056321 177.010163 0.655085
283.412808 177.022181 0.655129
283.499296 176.963263 0.655981
283.508273 177.439843 0.654905
283.520322 177.366937 0.661620
284.203751 178.038844 0.660909
284.359650 178.053282 0.655173
284.581702 177.868808 0.660123
284.855538 178.572097 0.657082
284.648565 178.679867 0.664372
284.968102 178.790793 0.663193
285.215940 178.602222 0.660863
285.675047 178.694632 0.656036
285.363110 178.911514 0.660104
285.726137 178.892335 0.659796
286.181411 179.183867 0.660736
286.226352 179.476448 0.659526
286.649006 179.618634 0.661215
286.827429 179.769046 0.661559
286.918771 180.087414 0.659114
287.450543 180.193889 0.658038
287.560253 180.567041 0.663425
287.379716 180.443127 0.661827
287.777713 180.719387 0.660752
287.881253 181.065105 0.658698
288.400435 180.875977 0.661340
288.324352 181.338704 0.666473
288.603015 181.056446 0.662412
289.070406 181.657734 0.657771
289.224782 182.067998 0.666551
289.815314 181.964221 0.667044
289.822038 182.141816 0.664385
289.709963 182.384031 0.664808
289.835284 182.471713 0.658699
290.621052 182.686635 0.666920
290.453548 182.710154 0.665433
290.614125 183.114275 0.664354
290.903340 183.282829 0.660709
291.134714 183.091559 0.663007
291.315813 183.659802 0.660679
291.678656 183.692430 0.662789
291.619971 183.795716 0.661908
291.994890 184.228981 0.667931
292.571091 184.280501 0.664252
292.687305 184.135816 0.660395
292.757321 184.565973 0.666848
292.863094 184.642094 0.665272
293.083490 184.837733 0.661263
293.263967 185.263828 0.667074
293.490798 185.323488 0.664623
293.670659 185.178551 0.664706
294.009930 185.653855 0.663170
294.083577 185.998349 0.665217
294.551628 185.789162 0.667276
294.962050 186.153954 0.668716
295.401372 186.167516 0.664528
295.331976 186.808820 0.664999
295.748529 186.824487 0.663670
295.982276 187.060307 0.660290
296.134070 187.354795 0.662744
296.636926 187.542695 0.661806
296.406309 187.679450 0.664641
296.786456 187.512566 0.663906
296.958017 187.914075 0.668369
297.033637 188.265182 0.668356
297.432794 187.991070 0.668187
297.378398 188.396813 0.664285
297.808547 188.179477 0.667788
298.202957 188.403369 0.666464
297.925159 188.696107 0.662313
298.132992 188.625198 0.666363
298.268325 188.859726 0.670500
298.889258 189.428779 0.668240
298.898611 189.571382 0.664566
298.908205 189.328694 0.667669
299.511054 189.806593 0.668602
299.430022 190.120881 0.670554
299.783973 190.147955 0.667081
300.086236 190.098335 0.662529
299.926077 190.209032 0.664344
300.280103 190.756791 0.671020
300.547447 190.774979 0.665213
300.866704 191.124329 0.671631
301.226563 191.015546 0.665653
301.578150 191.147131 0.668518
301.405125 191.192195 0.671145
301.862830 191.494266 0.666344
302.065019 191.631530 0.669393
302.001554 192.059816 0.667885
302.197958 192.087888 0.665825
302.906577 192.639682 0.665833
302.855649 192.437023 0.671901
303.513739 192.753274 0.664847
303.228622 193.056150 0.666671
303.620191 193.216703 0.671559
303.782520 192.956269 0.662808
303.820458 193.126868 0.668445
304.232314 193.595792 0.664316
304.354615 193.906688 0.668093
304.603485 193.913239 0.666419
305.035204 194.253437 0.670199
304.872653 194.174428 0.663994
305.330162 194.165665 0.667477
305.325695 194.761400 0.670854
305.672614 194.531270 0.672546
305.808456 194.951927 0.668460
305.909314 194.756911 0.664551
306.252508 195.012126 0.664497
306.706466 195.350088 0.669147
306.389756 195.527070 0.668641
306.816342 195.649214 0.666795
307.225620 195.749096 0.664686
307.172102 195.749097 0.666632
307.623632 196.382899 0.669592
307.588385 196.252300 0.666790
308.170040 196.476125 0.667667
308.173867 196.695468 0.669032
308.495400 196.903442 0.665757
308.802139 197.267171 0.666568
309.097491 197.619252 0.670114
309.430096 197.714854 0.670959
309.424848 197.657234 0.670811
309.696784 197.887976 0.670883
309.900187 198.083016 0.667752
309.864293 198.162972 0.672666
310.099019 198.154397 0.668706
310.682674 198.697490 0.671631
310.541898 198.886824 0.672592
310.896461 198.716736 0.674211
311.432773 198.980953 0.665868
311.329602 199.240075 0.665363
311.568154 199.215669 0.666233
311.859596 199.636528 0.670424
312.156242 199.905489 0.672416
312.368746 199.822819 0.673286
312.313600 200.009672 0.666618
312.709644 200.524260 0.666734
313.108311 200.802799 0.667747
313.126082 200.646815 0.674484
313.446593 200.840641 0.673021
313.334274 200.781396 0.668846
313.869367 201.090958 0.667103
314.326202 201.426816 0.669996
325.657328 220.689190 0.671783
325.885657 221.894218 0.672237
324.350944 222.271868 0.665142
324.300189 221.504191 0.665430
323.955607 222.275504 0.666254
326.832476 221.960987 0.670085
324.533169 220.770163 0.663345
326.786995 222.084192 0.659339
326.823298 222.595891 0.667234
326.293067 221.424389 0.665583
327.266661 222.551447 0.666455
327.151075 221.838149 0.663376
326.250781 222.546878 0.661868
327.088529 224.121066 0.657139
329.266133 224.044807 0.656995
327.973690 224.262687 0.659712
327.854463 225.182285 0.653378
328.462773 225.067713 0.655649
330.122368 223.723858 0.656518
328.681376 223.413222 0.647998
328.690005 223.711409 0.651998
328.208635 224.528831 0.655010
329.442578 225.972979 0.648387
329.897354 225.196072 0.646085
332.029253 224.779500 0.646562
330.487102 225.754295 0.651327
331.891741 226.237029 0.647234
330.669309 226.275644 0.642463
352.946931 221.782890 0.643968
353.235695 221.873878 0.643512
353.332206 222.273217 0.643133
353.412187 221.956682 0.650771
353.430083 222.222286 0.652587
353.901618 222.586959 0.647704
354.135907 222.529365 0.650195
353.974977 222.715359 0.657411
353.953220 222.738930 0.658869
354.125175 222.728920 0.657528
354.430831 223.041378 0.657609
354.448337 222.956301 0.660146
354.569143 223.479187 0.662545
354.942144 223.043374 0.657232
354.775496 223.283812 0.665927
354.945532 223.505602 0.665387
355.408722 223.677181 0.667228
355.313556 223.650538 0.665556
355.406356 223.824584 0.666812
355.986531 224.274704 0.669614
355.949759 223.947870 0.668691
355.941828 224.581997 0.667675
356.178049 224.324107 0.674417
356.497011 224.645955 0.670509
356.307402 224.652224 0.675038
356.497067 224.937187 0.674832
356.693712 224.678793 0.678123
356.768497 225.111340 0.674719
356.940104 225.012296 0.673280
357.107365 225.114424 0.677954
357.572034 225.232792 0.675967
357.571826 225.301644 0.675441
357.457301 225.728064 0.681251
357.857326 226.013847 0.680642
358.142136 225.668458 0.683887
358.196368 226.041407 0.680265
358.142746 226.334716 0.683691
358.616345 226.152126 0.689123
358.603688 226.654410 0.683217
358.733049 226.609980 0.687927
359.014576 226.849947 0.685705
359.014406 227.126822 0.685803
359.419544 226.947197 0.693503
359.376779 227.058695 0.686584
359.942164 227.529555 0.694970
359.952191 227.189137 0.693526
360.023807 227.259263 0.693307
360.345317 227.735088 0.692308
360.260990 227.753633 0.697100
360.530985 227.986216 0.692503
360.790046 228.212486 0.694633
360.621425 227.999939 0.696796
360.811213 228.068281 0.703500
360.979744 228.152670 0.700089
361.249204 228.485015 0.705634
361.261248 228.692980 0.705832
361.343803 229.051207 0.697793
361.617026 229.079141 0.707738
361.636597 228.958217 0.699948
362.065981 229.494290 0.708587
362.023276 229.537985 0.708129
362.322010 229.535866 0.702757
362.330700 229.671859 0.707583
362.473494 229.985711 0.709275
362.767585 229.609646 0.708236
362.681107 229.742766 0.707145
363.014515 230.356854 0.704679
363.036215 230.296431 0.706945
363.618335 230.479869 0.709437
363.695025 230.393422 0.706715
363.596279 230.878883 0.712812
363.776803 230.979328 0.713730
363.943723 231.120684 0.716819
364.219697 230.941299 0.717813
364.151886 231.229910 0.710286
364.270228 231.118245 0.717017
364.442026 231.468355 0.719762
364.735245 231.490502 0.711004
364.635233 231.520895 0.719054
364.745303 231.597889 0.712877
365.290471 231.900154 0.719104
365.423479 231.727346 0.715662
365.282112 231.968289 0.723704
365.484732 232.032238 0.716862
365.697312 232.567661 0.722296
365.780158 232.687730 0.722509
366.054399 232.623589 0.722948
366.050880 232.662468 0.726704
366.219983 232.838111 0.719034
366.413352 233.086396 0.720408
366.282806 232.932097 0.724577
366.403302 233.354790 0.727237
366.510713 233.199742 0.722021
366.967112 233.445484 0.726725
367.131494 233.440919 0.723935
366.851705 233.816848 0.725681
367.170673 233.486836 0.723710
367.085270 233.681302 0.725920
367.451308 233.896833 0.730023
367.321379 234.215256 0.731182
367.859867 234.171999 0.732630
368.014252 234.616503 0.731433
367.832728 234.796266 0.731221
367.916228 234.570453 0.730479
368.129940 234.461598 0.729585
368.644860 234.710977 0.735691
368.448791 234.903007 0.734772
368.800883 235.038958 0.729887
368.884291 235.074880 0.734406
369.067317 235.376708 0.740751
369.066483 235.650185 0.735670
369.098526 235.513959 0.737709
369.533120 235.537690 0.732750
369.449746 235.586402 0.736009
369.664537 235.903034 0.744106
370.000459 235.850671 0.736137
370.119345 236.436129 0.740436
370.281720 236.501580 0.737418
370.393547 236.755868 0.736973
370.407891 236.644425 0.736787
370.424103 236.469227 0.738991
370.499578 236.895953 0.746010
370.386190 236.731881 0.746129
370.822291 236.964942 0.738118
371.037373 237.101914 0.739934
371.048158 237.245504 0.740552
371.415371 237.258671 0.746320
371.274272 237.693535 0.746680
371.480026 237.406794 0.749649
371.668393 237.548523 0.742302
371.585986 238.127170 0.741021
372.198816 238.239560 0.748302
372.376763 238.026418 0.741918
372.504835 238.685579 0.742298
372.608286 238.745177 0.746586
372.666079 238.531469 0.746539
372.858529 238.649679 0.747079
372.891098 238.857234 0.752221
372.919740 239.323730 0.750790
373.057134 239.464322 0.753560
373.176108 239.149251 0.752083
373.717975 239.464678 0.752359
373.551466 239.654293 0.751221
373.947225 239.886909 0.751517
374.073107 239.953742 0.753825
374.228618 240.162767 0.749199
374.057411 239.906239 0.756326
374.512638 240.318987 0.747359
374.448051 240.166785 0.754915
374.495898 240.325802 0.756750
374.830899 240.763339 0.752355
374.585171 240.591027 0.751384
374.868696 241.035070 0.749400
374.847874 241.162766 0.754248
375.230345 241.110884 0.749656
375.362367 241.342907 0.756298
375.508173 241.226461 0.751780
375.881882 241.626320 0.750800
375.723189 241.906029 0.755271
376.077983 241.863578 0.752117
376.091887 241.793390 0.758494
376.321888 241.961642 0.760049
376.636236 242.163982 0.752238
376.754270 242.140127 0.760930
376.538278 242.470549 0.758530
376.804073 242.367473 0.760961
377.026490 242.886032 0.753611
376.901093 243.137298 0.758419
377.061407 243.035649 0.754774
377.184189 242.965378 0.761870
377.511370 243.467552 0.760389
377.924765 243.426216 0.758360
377.674660 243.468504 0.754476
377.972287 243.593785 0.755666
378.119062 243.979961 0.762915
378.272008 244.048133 0.764074
378.109537 243.977156 0.762360
378.308518 243.957649 0.764722
378.522181 244.189316 0.758107
378.357492 244.440786 0.760600
378.684730 244.509732 0.765987
378.727123 244.537000 0.761885
379.112559 244.624556 0.761972
378.925837 244.989460 0.757959
379.447781 244.924523 0.764301
379.643105 245.262854 0.758664
379.805063 245.272863 0.767075
379.946169 245.436269 0.764254
380.081288 245.701523 0.758138
379.758343 245.680164 0.765925
379.909042 245.542632 0.760020
380.488706 245.962119 0.760217
380.623929 245.865261 0.766813
380.319676 246.100666 0.767930
380.771960 246.297510 0.766050
380.969657 246.566540 0.759917
381.190610 246.442942 0.769752
381.198086 246.562058 0.770337
381.364579 246.740208 0.765326
381.429004 247.235115 0.766283
381.859773 247.520165 0.768503
381.958372 247.261771 0.767637
382.045354 247.540790 0.762157
382.287279 247.777714 0.771394
382.160143 247.514701 0.767613
382.579050 248.167393 0.769298
382.227403 247.825127 0.771235
382.507787 248.266698 0.767392
382.660303 248.475853 0.761416
382.979750 248.276112 0.764214
382.868414 248.699153 0.772159
382.891995 248.693931 0.771329
383.272446 248.610022 0.772075
383.427355 248.576147 0.769156
383.211290 249.049566 0.767060
383.654075 249.212562 0.772628
383.496830 249.038088 0.765202
383.563506 249.474009 0.766710
384.013276 249.156963 0.763126
383.801251 249.704853 0.763618
384.045142 249.834066 0.766102
384.281085 249.942596 0.771427
384.710319 250.268982 0.764426
384.800000 250.077434 0.767086
384.676551 250.016268 0.767136
384.699955 250.203841 0.765829
384.876798 250.330136 0.772219
385.191689 250.976429 0.765604
385.557393 250.876086 0.765394
385.343935 251.140593 0.773509
385.613221 251.380064 0.765916
385.836823 251.143434 0.770411
385.923358 251.411555 0.771906
386.387288 251.769438 0.771839
386.214718 251.812417 0.772657
386.351812 252.080996 0.769112
386.528470 252.328672 0.776408
387.033238 251.991301 0.767604
387.046536 252.594341 0.767709
387.101074 252.513476 0.772879
387.299354 252.482925 0.767046
387.532708 252.893861 0.777297
387.544419 252.775138 0.774399
387.367353 252.642261 0.776843
387.577481 252.839178 0.777670
387.992119 253.401387 0.775058
388.215907 253.199251 0.767921
388.028655 253.298690 0.770406
388.531498 253.886039 0.771759
388.541067 253.795536 0.768945
388.413214 253.760390 0.776696
388.884328 254.171825 0.769183
388.947974 254.328036 0.771264
389.111581 254.282823 0.777766
389.030004 254.478858 0.769514
389.005624 254.677812 0.773320
389.348113 254.732480 0.772617
389.635402 255.165956 0.778160
389.918789 254.935669 0.780336
389.591011 254.964058 0.773798
390.068176 255.616805 0.773119
390.027400 255.630240 0.772618
390.301516 255.915734 0.779031
390.407001 255.977907 0.774446
390.705247 255.732750 0.779924
390.640037 255.896211 0.770645
391.055781 256.165513 0.774960
390.645718 256.051534 0.773819
391.285215 256.598320 0.777136
391.114661 256.490855 0.773040
391.696961 256.469370 0.776135
391.697497 256.934448 0.773507
391.566912 256.793337 0.772858
391.693532 256.953263 0.778015
392.097078 257.450199 0.780074
391.901965 257.219819 0.772212
392.303630 257.675161 0.776019
403.903720 287.045447 0.772751
392.125334 257.532125 0.772950
403.891597 287.368353 0.770114
392.806701 257.873365 0.777741
392.633257 258.173426 0.775245
404.393242 287.729355 0.777326
404.129198 287.692850 0.770714
392.870917 258.047780 0.762929
404.410085 288.179825 0.759837
393.060872 258.345914 0.757962
393.321240 258.850570 0.767556
405.088459 288.423903 0.766598
404.969930 288.488356 0.756943
405.304775 288.832374 0.761510
393.580138 258.818502 0.748856
393.964004 258.988128 0.753916
393.955046 259.285031 0.758284
405.672782 289.243382 0.756753
405.802108 289.484523 0.746861
405.671846 289.125745 0.745934
394.471267 259.915806 0.750601
394.384070 259.698311 0.743582
394.943601 260.018505 0.749112
406.280524 289.999802 0.747989
406.392592 289.649541 0.744850
406.354480 289.595027 0.741278
395.366706 260.258520 0.741106
406.607770 290.204761 0.742161
395.405130 260.724935 0.740719
395.359305 260.633699 0.737698
406.989706 290.712600 0.737525
395.689368 260.837542 0.738164
407.260915 290.844043 0.736694
407.570675 290.967851 0.734732
407.386395 291.080278 0.726773
407.675352 290.934217 0.728375
396.546387 261.403384 0.725985
396.281761 261.245352 0.726785
396.661814 261.509640 0.730025
396.680496 261.826667 0.726593
396.914828 261.660478 0.732843
408.050275 291.693915 0.731336
396.927963 262.211966 0.723478
397.167072 262.020866 0.729567
408.872750 291.865211 0.727818
408.703262 292.170048 0.729792
397.417798 262.297464 0.721848
397.671346 262.472591 0.723245
397.834097 262.578350 0.722525
409.513957 292.763481 0.726314
398.086788 262.774881 0.724475
409.608844 292.867932 0.725239
398.075246 262.869118 0.724434
409.618168 293.113531 0.728345
410.136315 293.301319 0.722608
398.494177 263.567847 0.726026
398.663900 263.525663 0.727745
410.436315 293.263654 0.722499
399.149347 263.639539 0.719134
410.167134 293.661649 0.726637
399.213910 263.651499 0.725397
399.156379 263.773258 0.716958
410.793445 293.949511 0.715714
410.751237 294.016389 0.717039
411.186930 293.900354 0.720960
410.924877 294.160255 0.710326
399.873886 264.255211 0.717309
411.519164 294.402342 0.708258
400.075696 264.664702 0.707038
400.265494 265.191856 0.707522
412.084175 294.539526 0.707418
400.861044 265.116410 0.707910
400.693466 265.475844 0.712287
400.816045 265.363261 0.718079
401.270759 265.697700 0.713021
412.338002 295.049639 0.715179
401.479585 265.775445 0.714433
401.548870 265.716400 0.716153
412.912107 295.587182 0.718058
413.198145 295.661333 0.707085
401.642933 265.968122 0.708745
401.704088 266.298854 0.709441
413.379648 295.915717 0.711629
413.499771 295.880962 0.710658
413.180893 296.298319 0.706683
413.275252 296.405107 0.705970
413.694699 296.166749 0.702331
402.216923 266.505499 0.695338
402.373874 266.804994 0.701104
402.384695 266.637932 0.694466
402.616316 267.159585 0.696931
403.103146 267.101232 0.696221
414.207561 296.918407 0.699445
403.307829 267.240581 0.693392
403.341144 267.197202 0.697883
414.983831 297.127360 0.696990
414.785649 297.329579 0.697755
415.159359 297.209324 0.694296
414.976116 297.767867 0.690530
403.658332 267.943456 0.690763
403.798604 268.151021 0.696530
415.618743 297.833408 0.692311
415.789200 297.934149 0.694504
415.632703 298.130420 0.686777
415.953480 298.131291 0.685167
416.137047 298.239333 0.683944
416.159368 298.269058 0.684216
416.402102 298.664380 0.684555
416.481431 298.690219 0.678574
416.432405 298.332040 0.678997
416.295534 298.857044 0.672673
416.432092 299.006770 0.677351
416.603545 298.847975 0.673674
416.818962 299.144344 0.667696
417.129808 299.040398 0.664105
416.772909 298.999496 0.664163
417.084225 298.853001 0.660661
417.311215 299.181316 0.661149
417.477835 299.017320 0.659222
417.502595 299.304402 0.657789
417.270115 299.283488 0.655772
417.415874 299.694176 0.656950
417.483537 299.563077 0.655526
418.082199 299.835218 0.658133
417.902680 299.930390 0.654051
417.970343 299.950852 0.651975
417.949932 300.061742 0.653857
418.255551 300.012507 0.652028
418.065438 299.894800 0.646185
418.190409 300.324744 0.646501
418.614425 300.298631 0.639677
418.581668 300.310345 0.642235
418.599106 300.196373 0.636362
418.638074 300.271733 0.638317
418.830277 300.357332 0.638319
419.128024 300.838801 0.638111
419.309644 300.513186 0.633460
419.399316 300.689200 0.635260
419.484925 300.728351 0.629592
419.373941 301.012046 0.630910
419.768372 300.922875 0.628381
419.902396 301.201688 0.625616
419.997628 300.912980 0.621703
419.578993 301.441817 0.625191
420.102932 301.022335 0.621303
420.247961 301.122711 0.622738
420.238682 301.617572 0.618388
420.286312 301.244312 0.616042
420.175554 301.383793 0.619800
420.745306 301.684802 0.617348
420.453420 301.610476 0.617305
420.381254 301.485091 0.618636
420.465413 301.602802 0.614942
420.600492 302.018495 0.610689
420.968456 301.788461 0.611723
420.793335 301.924848 0.610597
421.132524 301.802790 0.608196
420.991377 301.969143 0.607782
421.194714 302.052016 0.607097
421.364605 302.214249 0.606507
421.467183 302.495207 0.604698
421.653070 302.590926 0.600817
421.847147 302.357245 0.604340
421.928754 302.469231 0.604373
421.919619 302.657792 0.604978
422.304240 302.868299 0.602921
422.219398 302.932828 0.595207
422.273037 302.783344 0.595846
422.486428 303.182724 0.592447
422.234204 302.773858 0.591369
422.551095 303.307844 0.596812
422.598877 303.097940 0.590323
422.720941 302.999475 0.596520
422.706431 303.410264 0.594067
422.710151 303.185308 0.591814
423.292067 303.681552 0.588335
423.262591 303.679353 0.592389
423.524631 303.481054 0.589080
423.644988 303.781399 0.589764
423.546356 303.767667 0.586649
423.791064 303.627246 0.583850
423.466841 304.012450 0.582723
423.854729 303.806015 0.587336
423.721201 304.212808 0.578198
423.991217 304.170598 0.580522
424.253911 304.322852 0.582176
423.956914 304.363541 0.576720
424.519358 304.282045 0.576429
424.540410 304.335180 0.577580
424.533310 304.572164 0.572566
424.663258 304.545046 0.578125
424.973681 304.405018 0.570781
425.037365 304.847545 0.572053
425.129379 304.788459 0.575413
424.902636 304.920615 0.574030
424.993984 305.075815 0.573154
425.147375 305.187687 0.572255
425.475426 305.204313 0.574405
425.475858 305.007255 0.567886
425.355644 305.089215 0.567041
425.431030 305.189101 0.568465
425.640763 305.162524 0.569369
426.124226 305.238766 0.566305
425.901487 305.425822 0.569622
426.018967 305.365500 0.562214
426.035521 305.367900 0.568670
426.295025 305.362759 0.563238
426.329560 305.738005 0.565360
426.323266 305.800958 0.565021
426.764620 305.972314 0.559445
426.875376 305.678509 0.562983
426.843965 305.723018 0.562813
426.651734 306.128141 0.561766
426.945906 306.143274 0.564009
427.295692 305.839746 0.558944
427.068792 305.827657 0.556041
427.152846 306.041532 0.556011
427.079869 306.153323 0.558681
427.171550 306.358960 0.556499
427.325918 306.141013 0.558811
427.310155 306.173495 0.553498
427.894349 306.573783 0.559334
427.577027 306.646308 0.557379
427.998966 306.609850 0.550124
428.144997 306.873872 0.553048
427.947445 306.425231 0.552750
428.072921 306.902868 0.555957
428.059693 306.520994 0.552174
428.398894 306.841458 0.553263
428.489850 306.917786 0.553212
428.737501 306.815690 0.550430
429.031686 307.167706 0.552972
428.993280 307.173232 0.550993
428.885052 307.175512 0.548852
429.083219 307.013157 0.546144
428.880947 307.217806 0.549841
429.089323 307.099202 0.548886
429.248471 307.373328 0.546644
429.449683 307.661487 0.547524
429.381385 307.296658 0.545780
429.575079 307.440135 0.547747
429.739341 307.902877 0.543062
430.129188 308.013840 0.546520
429.731177 307.556545 0.545713
430.213953 307.762741 0.545964
430.160112 307.701518 0.544671
430.015504 308.062557 0.540035
430.621367 307.917906 0.542704
430.503593 308.359157 0.539616
430.346691 307.984514 0.539600
430.634724 308.024014 0.540882
431.028846 308.310530 0.539624
431.055955 308.500419 0.542517
430.904067 308.557169 0.535858
430.848678 308.470901 0.536963
431.259737 308.662444 0.540380
431.334262 308.801670 0.533861
431.036749 308.351089 0.536540
431.426067 308.798640 0.537377
431.225377 308.932457 0.536618
431.300489 308.673159 0.532698
431.784214 308.660581 0.533815
431.805716 308.778187 0.532864
431.624136 308.875997 0.535045
432.211572 308.965391 0.532107
432.233761 309.089567 0.534426
432.262399 309.324544 0.536502
432.631151 309.426424 0.531528
432.508022 309.519510 0.536743
432.301119 309.329175 0.530965
432.494201 309.273130 0.533131
432.767190 309.687405 0.529642
432.896355 309.548816 0.534046
433.077790 309.505290 0.533919
433.080122 309.401239 0.532536
433.422228 309.692585 0.531827
433.567453 309.703577 0.530660
433.333262 309.812474 0.532452
433.609376 309.766585 0.532308
433.923574 309.796477 0.531682
433.685475 310.057869 0.529968
433.804610 309.877833 0.525186
434.289575 310.105305 0.530194
434.294287 310.245832 0.525335
434.314565 310.216765 0.529867
434.454008 310.383186 0.524711
434.144393 310.208141 0.530104
434.592026 310.766380 0.528847
434.614003 310.513041 0.528407
434.656138 310.682525 0.525745
434.933535 310.552036 0.523729
434.908148 310.513745 0.522517
435.090305 310.770648 0.525992
435.152567 310.907311 0.526257
435.425743 310.956193 0.527723
435.019848 311.036987 0.524395
435.669146 310.947626 0.525507
435.531501 311.266009 0.525173
435.842569 311.088516 0.520942
435.786697 311.413976 0.521916
435.757572 311.275373 0.523132
435.694978 311.509211 0.522792
436.235872 311.176962 0.520696
436.314859 311.347981 0.522776
436.376239 311.403141 0.523291
436.241206 311.495655 0.524717
436.743759 311.898947 0.520913
436.914565 311.852558 0.522362
436.543885 311.778591 0.519122
437.082050 311.994130 0.519975
437.241219 311.815461 0.519312
437.101389 311.812771 0.517209
437.251141 312.032970 0.517370
437.349948 312.183974 0.522494
437.679547 312.322363 0.516934
437.797709 312.466233 0.518523
437.607830 312.553073 0.519241
437.710272 312.546721 0.515209
438.031753 312.779969 0.515024
438.282002 312.376588 0.513940
438.440574 312.625916 0.519551
438.427537 312.870727 0.515657
438.240088 312.645909 0.517479
438.401386 312.717563 0.519087
438.706973 312.684899 0.513984
438.624364 312.636727 0.516455
438.592961 312.777933 0.519077
438.917153 312.928309 0.515632
438.777679 313.247159 0.519558
439.334900 312.972054 0.517100
439.446617 313.042346 0.511680
439.185737 313.330611 0.517608
439.419723 313.073903 0.516032
439.387591 313.185925 0.512255
439.631199 313.208944 0.513380
439.657649 313.345173 0.512570
439.680568 313.561762 0.513035
440.048238 313.580805 0.515477
439.836220 313.485654 0.514494
440.091089 313.616906 0.513149
440.467975 313.896487 0.514213
440.451647 313.820642 0.512104
440.569920 314.067755 0.514205
440.322127 314.183637 0.511520
440.920799 313.806094 0.513526
440.832864 313.856826 0.515910
441.133835 314.436677 0.510463
440.970266 314.137786 0.512056
440.895449 314.342138 0.508331
441.329008 314.237171 0.509790
441.326615 314.167056 0.513895
441.670938 314.490400 0.511849
441.303456 314.340698 0.514137
441.361209 314.407222 0.509995
441.878599 314.370232 0.513899
442.016620 314.911519 0.509785
442.011033 314.953657 0.512845
441.848978 315.012978 0.513400
442.485633 314.840635 0.506577
442.602200 314.773098 0.512689
442.296816 314.904418 0.511847
442.652182 315.104217 0.511164
442.967172 314.995414 0.508613
443.126681 315.050154 0.507805
443.103893 315.462395 0.508950
443.021746 315.535071 0.512086
443.310995 315.749027 0.512360
443.426040 315.778637 0.509879
443.279993 315.372207 0.508476
443.396093 315.667087 0.511051
443.729076 315.454761 0.505652
443.898801 316.010894 0.508191
444.021472 315.933178 0.507551
443.942250 315.631152 0.511125
444.221850 315.760054 0.506329
444.154023 316.109929 0.507329
444.085826 315.943441 0.507543
444.255338 316.315880 0.508309
444.402422 316.425564 0.506088
444.798301 316.178963 0.506860
444.686618 316.136865 0.508529
444.956077 316.277920 0.505115
444.793378 316.381859 0.510387
445.253799 316.427014 0.504568
444.948628 316.310119 0.505078
445.271691 316.423411 0.508262
445.364943 316.461365 0.503859
445.405438 316.972550 0.504252
445.664981 316.797779 0.503505
445.845537 316.753518 0.506157
445.986436 316.748347 0.508763
445.712358 316.683562 0.508332
445.843060 316.818446 0.503702
445.998496 317.032463 0.505237
446.092971 317.031800 0.505125
446.270802 317.077675 0.507800
446.695208 317.289244 0.505454
446.489369 317.479538 0.503810
446.853327 317.447855 0.507529
446.901878 317.373195 0.505938
446.784537 317.555513 0.502646
447.232190 317.693492 0.508420
446.912240 317.705102 0.503105
447.275417 317.433952 0.501215
447.144365 317.793131 0.506634
447.414553 317.624872 0.505262
447.695946 317.922790 0.502294
447.940186 317.948892 0.506543
448.115787 317.883868 0.507903
448.082249 318.264040 0.503739
448.133077 317.923537 0.504094
448.276107 318.254871 0.505864
448.292657 318.088167 0.501553
448.456222 318.523646 0.501557
448.318073 318.305159 0.500712
448.695190 318.490675 0.505280
448.965941 318.503392 0.502310
449.023458 318.580163 0.506373
448.879178 318.867623 0.504088
449.013635 318.854093 0.504300
449.333924 318.784726 0.506242
449.145864 319.063938 0.503758
449.602963 318.601739 0.505191
449.399489 318.981247 0.502531
449.699860 318.704931 0.499940
449.636810 318.985234 0.500315
449.820327 319.181089 0.502981
449.899060 319.471867 0.500814
450.200034 319.258850 0.506209
450.163386 319.002824 0.502529
450.266505 319.544311 0.503519
450.511823 319.287646 0.505557
450.125449 319.587904 0.505315
450.407280 319.405468 0.505347
450.780479 319.781690 0.504809
450.662760 319.683340 0.504329
450.792266 319.741836 0.502783
450.667394 319.597902 0.501430
450.929371 319.974951 0.500066
451.071054 319.731263 0.500067
451.135639 319.920491 0.500266
451.425129 319.869331 0.499588
451.524696 319.729733 0.497938
451.441624 319.850774 0.503304
451.872377 320.279155 0.501709
451.492550 320.174955 0.499654
451.834517 320.142985 0.498727
451.883774 320.481123 0.503124
452.198538 320.494090 0.501294
452.298221 320.525753 0.500552
452.103384 320.546890 0.504634
452.150294 320.428317 0.503884
452.647189 320.623696 0.498674
452.628542 320.578074 0.504418
452.725475 320.562171 0.503551
452.833909 320.613400 0.502637
452.732538 320.828984 0.499845
453.063003 320.977009 0.500510
453.055255 320.881929 0.502961
453.565128 320.752158 0.498127
453.236689 321.073980 0.502098
453.336894 321.011040 0.499779
453.662825 321.402916 0.502683
453.543234 321.248644 0.500453
453.738804 321.179862 0.501822
454.034865 321.295164 0.502261
454.330290 321.450744 0.500431
454.361728 321.322277 0.500177
454.154763 321.693591 0.499428
454.535243 321.395494 0.497943
454.336899 321.829448 0.500947
454.680889 321.755658 0.499318
454.545713 321.829351 0.496783
454.996666 321.957846 0.498395
455.132656 321.727605 0.502542
454.919128 322.175549 0.497448
455.172877 322.117243 0.497148
455.088808 321.825020 0.502692
455.156618 322.015424 0.496901
455.706271 322.028175 0.501595
455.449691 322.512108 0.498341
455.866574 322.269372 0.496132
455.686141 322.176988 0.500345
455.909838 322.414224 0.502987
455.946807 322.579632 0.502362
456.247335 322.512795 0.499596
456.317869 322.663448 0.498064
456.567329 322.936860 0.502209
456.294587 322.643654 0.499233
456.857040 323.056156 0.501623
456.650631 322.629652 0.496989
456.818786 322.784646 0.495872
456.802001 322.888752 0.498843
456.983653 322.903113 0.501483
457.153609 322.981680 0.497922
457.485451 323.351424 0.499904
457.396874 323.321470 0.498720
457.819473 323.246706 0.497289
457.776157 323.439667 0.498865
457.695745 323.312015 0.499457
458.032422 323.564586 0.495411
457.916832 323.622054 0.499733
458.073658 323.918714 0.498234
458.449625 323.535961 0.502113
458.279783 323.992359 0.498356
458.323623 324.087941 0.502186
458.706442 323.860487 0.497307
458.559461 323.797001 0.499823
459.078211 324.211582 0.497156
458.680102 324.138593 0.497063
459.211417 324.079447 0.499824
459.308711 324.004337 0.501015
459.263439 324.127557 0.495560
459.513576 324.438104 0.496071
459.588526 324.221177 0.496398
459.354316 324.128239 0.497842
459.791035 324.409048 0.501858
459.586623 324.752488 0.500637
459.997881 324.302083 0.496452
460.066428 324.478473 0.496516
459.980302 324.595513 0.497928
460.182146 324.957188 0.496348
460.188605 325.026192 0.499555
460.104667 325.026421 0.498663
460.196657 324.903043 0.500987
460.693646 324.812995 0.498873
460.383798 324.733476 0.496314
460.724698 324.768564 0.499643
460.736186 324.854383 0.495310
460.829010 325.144629 0.500226
460.818113 324.996499 0.496949
460.921422 325.538180 0.501641
461.507153 325.454244 0.499306
461.463635 325.396523 0.500456
461.307385 325.188401 0.496646
461.411239 325.585670 0.501375
461.552412 325.626057 0.499632
461.989155 325.718801 0.494360
462.035362 325.450250 0.496218
462.005610 325.612003 0.500061
462.298672 325.684820 0.501382
462.206028 325.741255 0.496165
462.449493 326.023960 0.494837
462.484266 326.057866 0.497688
462.415251 325.994156 0.496796
462.695114 325.941387 0.498275
462.856591 326.045192 0.500794
463.025283 326.133108 0.497955
463.074681 326.260694 0.495461
463.347558 326.179143 0.498608
463.228616 326.206889 0.495252
463.332146 326.639663 0.496948
463.370518 326.628760 0.498287
463.781775 326.406084 0.497940
463.848565 326.575505 0.495042
463.422527 326.538797 0.496609
463.615553 326.661792 0.501497
463.897202 326.538722 0.499616
464.286706 326.907806 0.501407
464.434750 326.908643 0.501072
464.357716 327.235320 0.499451
464.214281 326.889969 0.500610
464.404190 327.006026 0.500932
464.353820 327.080739 0.498273
464.732060 327.077872 0.498017
464.903636 327.140059 0.498260
464.951747 327.530367 0.500596
464.909091 327.326203 0.497607
464.938316 327.738648 0.495510
465.477108 327.283239 0.496441
465.542153 327.442204 0.496528
465.371004 327.783560 0.494139
465.661956 327.656094 0.497957
465.615371 327.499902 0.500427
465.699417 327.697175 0.494130
465.796525 328.099984 0.494461
466.030786 327.785781 0.499226
466.102520 327.687666 0.494720
466.307046 328.110283 0.499162
466.091083 328.077972 0.501107
466.126932 328.094533 0.497884
466.619857 327.979214 0.494757
466.691155 328.200912 0.496558
466.832346 328.030352 0.500885
466.564969 328.326676 0.496267
466.988620 328.404623 0.497409
467.053010 328.631665 0.496069
466.852543 328.338468 0.495927
467.291863 328.567787 0.501006
467.436294 328.668777 0.495635
467.169552 328.727952 0.494860
467.149895 328.843503 0.498166
467.645979 328.837634 0.499656
467.604090 328.910357 0.495242
467.484590 329.050434 0.499595
467.729622 328.618388 0.496748
467.782915 329.041226 0.497375
467.929061 328.892807 0.500510
467.901037 329.160286 0.494126
468.358869 329.361595 0.500449
468.479931 329.369928 0.494539
468.263835 329.279126 0.497199
468.446026 329.458408 0.498336
468.228870 329.011657 0.495713
468.408488 329.546473 0.496653
468.609245 329.534598 0.498299
468.826515 329.394621 0.495724
468.781971 329.668579 0.493799
468.708848 329.460752 0.498722
469.191148 329.634033 0.494063
469.261486 329.526068 0.494964
469.441073 329.877852 0.500354
469.577578 329.680259 0.497197
469.312276 329.760840 0.493414
469.543686 329.799661 0.498633
469.354419 329.861668 0.499254
469.714450 329.830512 0.500402
470.069727 330.308487 0.493709
470.237784 329.872376 0.494333
469.938093 330.157498 0.495946
470.098994 330.040226 0.493792
470.390138 330.481132 0.498778
470.587542 330.339889 0.499870
470.423354 330.528725 0.500345
470.757633 330.513623 0.499094
470.794959 330.719983 0.495701
471.053997 330.703886 0.497064
470.726912 330.502707 0.495299
470.957188 330.820352 0.495407
471.221896 330.540190 0.499595
471.142210 330.839804 0.496311
471.219206 331.009205 0.493899
471.647362 331.117972 0.495931
471.611999 331.117021 0.495702
471.642664 331.122369 0.495334
471.929260 331.024974 0.494629
472.044640 331.183300 0.498159
472.024527 331.070185 0.493676
472.066521 331.177040 0.493240
472.469932 331.402190 0.499736
472.648897 331.600998 0.498632
472.464712 331.689485 0.499442
472.611542 331.797383 0.493089
473.088085 331.468567 0.496077
473.125329 331.930118 0.493104
472.947379 331.706453 0.498095
473.162425 332.060697 0.493794
473.391739 332.079369 0.494064
473.380064 331.895888 0.498377
473.153090 331.727006 0.499589
473.510364 332.168208 0.499026
473.613251 332.186295 0.498081
473.724945 332.102535 0.499782
473.920820 332.364995 0.497862
474.106168 332.341337 0.495121
473.991970 332.335698 0.494059
474.439684 332.376728 0.497762
474.082270 332.577246 0.496627
474.646408 332.379490 0.494561
474.572916 332.680560 0.496595
474.503378 332.553267 0.494646
474.904979 332.473079 0.497624
475.061155 332.715407 0.498666
475.000913 332.816728 0.496672
475.141730 332.698903 0.496762
475.108468 333.039294 0.499435
475.541212 332.816912 0.498442
475.585484 333.098859 0.496376
475.196485 333.079975 0.497511
475.634585 333.191486 0.494335
475.517174 333.109979 0.497186
475.732838 333.291509 0.492371
476.033397 333.432404 0.493040
476.018866 333.534868 0.498147
476.183287 333.440743 0.492651
476.044019 333.527267 0.493849
476.593669 333.831307 0.494294
476.625323 333.856418 0.494335
476.363308 333.799755 0.499352
476.995539 333.633860 0.497256
476.701728 333.787060 0.497097
477.164786 333.697629 0.495436
476.978584 334.103712 0.493014
477.235097 334.129549 0.496709
477.363238 333.931452 0.496615
477.046179 334.097184 0.498566
477.269540 334.192270 0.493079
477.622903 334.196110 0.496294
477.371008 334.165341 0.493545
477.567040 334.266398 0.494634
477.510328 334.410155 0.494244
477.787484 334.441927 0.496402
478.090057 334.170106 0.496834
477.755679 334.638778 0.492716
478.342340 334.421617 0.492799
478.289669 334.428377 0.495641
478.267158 334.503633 0.493838
478.512468 334.583142 0.495851
478.905049 335.029067 0.493035
478.868484 334.637088 0.498486
478.832760 334.775537 0.495210
479.079831 335.169519 0.499801
478.837808 334.766498 0.495741
478.968999 334.916469 0.498727
479.532222 335.346957 0.497091
479.430070 335.194891 0.495897
479.637711 335.490598 0.498997
479.658224 335.542917 0.494529
480.005063 335.277736 0.494971
479.709780 335.672979 0.496755
479.890590 335.254638 0.493712
480.292571 335.421615 0.496381
480.323943 335.446236 0.496675
480.146970 335.790112 0.495829
480.425117 335.667754 0.499327
480.708926 335.661660 0.494223
480.747926 335.726238 0.493287
480.664412 335.771496 0.495530
480.888903 335.840548 0.498074
480.937442 336.184696 0.496860
481.053775 336.043301 0.497825
481.001324 335.871322 0.494083
480.897005 336.031512 0.498320
481.297566 336.163966 0.495022
481.181432 336.003554 0.493083
481.429964 336.282580 0.492870
481.452067 336.230950 0.495083
481.722985 336.288029 0.493146
481.489357 336.444834 0.492819
482.024173 336.708323 0.493437
481.989578 336.620225 0.496862
481.863495 336.603073 0.496326
481.988742 336.613834 0.497069
482.300711 336.693607 0.497378
482.353972 336.537888 0.497974
482.680389 336.648968 0.496047
482.340384 336.954486 0.499446
482.768090 337.031004 0.495032
482.739381 337.135030 0.497244
482.604802 336.811683 0.495948
482.742666 336.959430 0.494689
482.826233 336.937338 0.496716
483.312160 337.384120 0.499076
482.961263 337.024172 0.495078
483.394964 337.310606 0.498817
483.391091 337.108300 0.496892
483.622508 337.142321 0.497606
483.743178 337.615227 0.493668
483.822997 337.671997 0.497143
483.798595 337.752535 0.493627
483.992140 337.453536 0.497016
483.996757 337.760548 0.498799
484.019027 337.708615 0.495976
484.128905 337.637266 0.495315
484.658116 337.961097 0.498700
484.371104 338.049134 0.495968
484.634704 337.873671 0.492607
484.672032 337.855983 0.494287
484.864652 338.172646 0.493427
484.948669 338.258162 0.495427
484.885010 338.342682 0.493348
485.146641 338.562529 0.493647
485.138946 338.655060 0.497361
485.710101 338.454624 0.498626
485.711623 338.505648 0.493083
485.559576 338.776185 0.494203
485.743350 338.891027 0.498295
485.799121 338.917919 0.496723
486.211259 338.818703 0.493977
486.151851 338.914229 0.494330
486.210344 338.853515 0.495068
486.586889 339.032000 0.498402
486.401755 338.987114 0.493962
486.393458 338.955073 0.497093
486.570080 339.157506 0.494638
486.652611 339.407445 0.497364
486.723059 339.504333 0.492944
486.701785 339.305258 0.499752
486.976269 339.113416 0.495204
487.071931 339.569364 0.493583
487.365072 339.442853 0.495848
487.542262 339.506162 0.496365
487.756321 339.321583 0.497630
487.526154 339.728076 0.496343
487.636718 339.526087 0.493304
487.809063 339.998554 0.497377
488.087315 340.062530 0.498007
487.776110 339.638473 0.498388
488.240173 339.979231 0.492994
487.980485 339.846522 0.493624
488.230158 339.917341 0.499433
488.447106 339.933045 0.497253
488.704493 340.103442 0.493472
488.616332 339.972148 0.498713
488.600405 340.072883 0.498975
489.011206 340.360043 0.499541
488.988629 340.294014 0.497207
489.105744 340.222070 0.494267
489.018815 340.602035 0.496118
488.930778 340.289775 0.494466
489.437016 340.737126 0.493421
489.164799 340.730096 0.495152
489.704627 340.828281 0.499664
489.773215 340.490202 0.496221
489.503613 340.808178 0.497216
489.776785 341.046475 0.492741
489.721809 340.686799 0.497019
490.105399 340.863417 0.496501
490.176372 341.333094 0.496444
490.457920 341.031025 0.497913
490.371623 341.000600 0.493358
490.339581 341.421415 0.495607
490.491299 341.277240 0.496014
490.910493 341.402499 0.497250
491.010165 341.467418 0.496626
490.804106 341.193669 0.497462
490.927552 341.641807 0.492581
491.374058 341.377965 0.492662
491.352280 341.486243 0.497280
491.518156 341.620941 0.494232
491.451118 341.641361 0.497883
491.596041 341.849726 0.494351
491.518854 341.700884 0.494604
491.804830 342.037057 0.495719
491.952637 342.118458 0.495896
492.212889 342.094831 0.494335
492.252411 342.130515 0.495620
492.302165 342.194702 0.493311
492.104873 342.154761 0.498676
492.487097 342.005944 0.496508
492.296862 342.349826 0.494082
492.738978 342.270025 0.497683
492.688464 342.294087 0.496022
492.582492 342.452908 0.494371
492.815985 342.275839 0.493502
492.963608 342.765041 0.496312
492.893812 342.509231 0.496255
493.305237 342.943741 0.495900
493.066982 342.604855 0.495470
493.200443 342.543560 0.495484
493.416973 342.635937 0.494341
493.407596 342.968879 0.496407
493.643292 343.102535 0.493482
494.012312 343.008428 0.500021
493.716604 342.927864 0.498379
494.067548 343.349829 0.498306
494.260582 342.955437 0.493712
494.260608 342.951240 0.497947
494.524378 343.357059 0.495269
494.502257 343.296451 0.494056
494.312073 343.250229 0.494417
494.586191 343.295269 0.499771
494.559593 343.531797 0.495051
494.739658 343.724626 0.497097
494.871994 343.884368 0.496685
495.236064 343.864701 0.499659
495.237137 343.712667 0.497782
495.234760 343.579649 0.493943
495.356568 344.069704 0.498635
495.764396 343.958965 0.496902
495.744147 344.189347 0.494058
495.893450 344.243991 0.499007
496.015869 344.365506 0.494539
496.301426 344.070765 0.494862
496.024786 344.510342 0.495514
496.325629 344.148918 0.495550
496.254155 344.507156 0.498101
496.474198 344.252934 0.495459
496.758904 344.631012 0.497242
496.982108 344.517498 0.493873
497.120337 344.614233 0.497857
496.733967 344.503892 0.495006
496.900858 344.716267 0.494993
497.111065 344.621539 0.500134
497.323413 344.742863 0.498927
497.547348 344.724630 0.497190
497.319990 345.023839 0.493393
497.662569 345.106130 0.493423
497.724350 345.137075 0.496554
497.860976 345.260453 0.495451
497.613465 345.247796 0.496848
498.143913 345.360296 0.495623
497.818928 344.997195 0.496520
498.165054 345.557693 0.499049
498.064897 345.121317 0.493822
498.017571 345.342542 0.498878
498.406307 345.648903 0.499347
498.225021 345.504033 0.497285
498.557745 345.623281 0.498060
498.476088 345.796617 0.496496
498.766183 345.901401 0.492740
499.071028 345.634905 0.496497
498.844849 345.785232 0.492965
499.381122 345.677897 0.499910
499.098160 346.072954 0.494225
499.305018 345.723122 0.495983
499.643162 345.885236 0.493614
499.788959 346.110981 0.495135
499.627615 346.343638 0.494385
499.878775 346.182530 0.499659
499.811232 346.217226 0.497193
500.124227 346.326584 0.493060
500.118675 346.494141 0.496334
500.025498 346.533501 0.496816
500.327966 346.650047 0.494794
500.378048 346.550874 0.497415
500.772712 346.800920 0.494573
500.656164 346.974795 0.496951
501.034164 346.818080 0.496193
501.322324 347.044164 0.493403
500.875881 346.979538 0.496700
501.134001 347.131514 0.499174
501.567458 346.967195 0.495473
501.626941 346.996046 0.496305
501.599676 347.086213 0.499748
501.442346 347.051972 0.495794
501.605615 347.261108 0.496357
502.019484 347.117602 0.495109
501.794257 347.254229 0.498103
502.229548 347.456929 0.493320
502.093172 347.505992 0.493172
502.223782 347.859039 0.495851
502.255340 347.741084 0.496457
502.336223 347.452321 0.498466
502.454328 347.787519 0.494359
502.444604 347.721283 0.498512
502.554370 347.715756 0.494564
502.918395 347.711131 0.495756
502.917433 347.779590 0.493406
502.997611 348.309347 0.493897
521.927880 359.868890 0.496609
523.342223 358.484049 0.497687
522.806652 359.676011 0.496937
523.447325 359.168219 0.498967
525.216187 360.002985 0.498813
523.883423 357.374517 0.498098
522.433903 360.209514 0.498880
523.006833 359.392274 0.492091
521.361780 357.049569 0.492338
520.516806 360.169358 0.497621
521.725362 358.585375 0.496228
525.266756 358.848697 0.492674
523.190913 358.748801 0.492276
525.084869 357.253651 0.494256
522.461667 358.426027 0.494580
520.764938 357.913426 0.499041
521.914690 360.713137 0.494389
525.142050 357.965842 0.498094
522.170929 358.172600 0.497352
521.238597 360.038841 0.497242
525.752495 361.267664 0.493914
523.655469 359.810195 0.491456
524.774906 358.581416 0.493905
522.924349 359.672840 0.496621
524.163556 358.531662 0.497151
524.891537 359.233099 0.495385
523.085167 359.131871 0.493361
525.916557 358.273089 0.491935
523.271806 360.546304 0.496228
523.003876 358.340554 0.497531
525.016307 359.103249 0.494642
524.413242 361.238239 0.494381
524.824405 359.653250 0.491766
525.010261 361.089173 0.491889
526.266301 358.562326 0.494180
525.325670 358.316386 0.498384
527.562187 358.814526 0.493056
526.838529 361.594301 0.494015
526.040885 358.889848 0.500159
525.523965 359.634309 0.499960
523.169117 361.350993 0.499515
527.305305 359.517603 0.497196
523.078537 360.721627 0.499337
525.397252 359.685033 0.496602
526.777216 360.926589 0.496722
523.916766 359.666643 0.493731
526.838472 359.123474 0.493647
525.341429 360.877756 0.496763
528.024611 359.553616 0.495934
528.801219 360.771771 0.494712
528.875276 359.801006 0.494959
527.880110 360.233451 0.498997
528.521950 359.883213 0.499739
523.662520 362.507562 0.501926
527.306767 361.500654 0.495012
526.378549 361.224594 0.495647
527.626177 362.712664 0.495796
524.440776 360.406116 0.496261
524.779285 360.916836 0.497040
527.234294 360.912973 0.497757
529.054398 360.168212 0.494237
527.861667 360.035302 0.500430
526.459271 361.096113 0.494748
525.023852 361.596118 0.500460
528.290654 362.637604 0.495293
529.559175 362.325246 0.495738
526.390730 361.233423 0.493871
528.986200 361.400653 0.500191
526.136151 360.349916 0.495835
529.111315 362.811888 0.498544
526.765952 361.664731 0.494528
527.989249 360.824470 0.494158
529.578864 360.843563 0.499503
525.297622 361.940220 0.494376
530.041226 362.858630 0.496917
530.397466 363.268011 0.498464
527.150284 363.343866 0.493433
529.678360 362.670688 0.493953
529.340420 361.644957 0.496512
530.394201 362.147509 0.497081
527.572202 363.606389 0.494886
525.738956 360.802895 0.498387
526.995179 360.769793 0.495461
529.170712 363.088286 0.498053
528.330154 360.099059 0.496047
527.654424 363.688256 0.497002
527.801825 360.183681 0.490299
526.596190 363.220664 0.491092
530.017809 360.737172 0.490837
531.850366 362.480575 0.495986
529.298269 361.628157 0.491732
528.946087 360.419601 0.494240
528.938180 362.546974 0.492112
530.561248 360.856497 0.498272
530.577861 362.999704 0.493701
531.092327 364.371061 0.498272
528.063275 361.418914 0.497951
530.919154 361.221597 0.497194
527.698927 361.375099 0.494838
530.836847 364.459320 0.493816
532.543240 363.571742 0.499327
529.089998 363.216458 0.494634
527.797133 363.451627 0.493531
528.892656 363.076607 0.493906
527.911435 362.090816 0.492383
530.556200 361.903355 0.496416
529.156830 361.703282 0.497656
529.669548 361.475971 0.493980
529.302171 361.163892 0.498083
527.960995 363.017963 0.492157
532.165400 361.434288 0.497055
528.434954 362.897303 0.495317
533.192331 363.951808 0.494691
528.070337 365.057557 0.494843
530.136506 365.053528 0.496283
528.440627 365.097954 0.496539
529.257234 361.501553 0.492597
533.806799 364.992172 0.491356
529.774074 364.067021 0.492406
533.823828 362.296491 0.493033
528.569677 362.478901 0.492240
529.163111 362.504749 0.490116
533.311936 364.923505 0.493520
533.177052 362.646438 0.491905
532.850336 365.129303 0.492858
533.882963 364.671356 0.490366
530.440446 363.615985 0.489338
533.695168 362.364528 0.494418
533.519950 361.801080 0.489727
529.427610 361.807503 0.496297
532.322792 362.650297 0.491861
530.860731 363.554294 0.492548
532.672842 364.913064 0.494797
531.610465 363.050113 0.491793
530.486179 362.914049 0.494587
533.715786 365.132234 0.493880
530.085449 363.722684 0.496869
531.293328 365.924270 0.495067
534.723448 363.238936 0.488954
532.510546 365.544978 0.493094
535.194452 362.321338 0.493103
535.039513 364.346336 0.493773
531.113983 362.527409 0.497154
534.258629 364.510607 0.497709
533.785073 363.319438 0.493472
532.553941 365.496021 0.498539
532.320212 364.102230 0.492464
532.693572 362.504201 0.494370
532.181900 362.514100 0.493657
534.466791 362.773923 0.497759
536.068654 364.702224 0.494762
531.843261 362.567570 0.498260
534.473685 364.186570 0.498898
533.129960 366.474412 0.498486
532.573358 363.578846 0.494687
534.787879 362.776935 0.493500
535.063272 365.517941 0.499381
535.011825 362.868980 0.499703
533.866785 366.468902 0.498422
536.625439 366.643043 0.496419
533.061963 365.180976 0.498702
533.581081 362.928919 0.500658
531.853127 363.291543 0.500596
535.898962 364.530349 0.496409
536.746707 365.392087 0.497737
533.241462 366.676345 0.500690
535.450091 364.785418 0.497266
534.987568 363.155320 0.496186
534.744656 366.035916 0.500495
533.212502 364.686249 0.497960
535.524680 365.381162 0.500550
534.242844 363.633363 0.501695
533.385856 366.572216 0.498585
532.475951 364.571781 0.496029
533.042261 364.385202 0.496941
533.446607 366.747736 0.499731
533.501932 366.610538 0.500165
533.430255 366.701168 0.493130
532.580641 364.350076 0.497689
536.518780 364.286729 0.494013
532.299504 365.253493 0.492589
533.670052 366.801969 0.494111
535.802933 365.699821 0.496064
533.515166 367.301038 0.491680
535.857167 366.371355 0.492360
538.013398 365.809168 0.494652
535.714573 365.174334 0.496413
537.354066 365.076505 0.496617
536.687680 363.816580 0.497228
535.133222 367.163567 0.496664
533.749309 367.457170 0.497028
533.643479 364.525844 0.493291
535.507445 365.451306 0.493438
534.239864 367.428777 0.494472
537.802519 366.736991 0.495393
537.038113 365.584069 0.494284
538.941690 365.739769 0.495796
534.355628 365.933825 0.496381
534.814559 365.686723 0.497357
534.565285 366.033799 0.492208
539.156186 364.464165 0.495034
534.511438 367.519637 0.495835
539.420802 366.042744 0.497210
536.515116 368.267469 0.496534
534.966276 365.161559 0.495648
535.684741 365.164926 0.493839
537.771708 368.291319 0.492488
536.218682 364.913007 0.496787
535.111679 364.535241 0.491957
539.597644 367.755849 0.495675
536.707458 367.506810 0.493473
536.815600 366.879976 0.495565
536.132387 367.371703 0.490788
534.622837 365.979067 0.491413
536.910193 364.842663 0.492453
539.494161 367.870790 0.497006
535.664249 368.261660 0.496885
537.474037 367.369647 0.491962
536.901981 366.641561 0.490415
538.500298 367.208270 0.494388
537.936979 366.990617 0.493728
538.733707 367.378774 0.490652
538.903483 366.310316 0.494854
535.067198 367.593142 0.491842
535.829846 365.329780 0.492223
536.549223 367.490995 0.493731
539.270201 365.859237 0.490255
540.839292 366.668141 0.493932
539.838279 365.610433 0.495678
535.833637 368.815044 0.493178
536.884761 366.917870 0.493513
537.125926 365.965845 0.489989
537.697981 365.831613 0.495815
541.104582 366.614028 0.489893
539.826594 365.441955 0.495093
540.159801 366.502597 0.497136
537.342266 369.167700 0.493473
540.310481 367.126987 0.493219
541.223579 365.825370 0.493254
537.153625 368.009029 0.499907
537.178077 367.058733 0.497210
536.769935 368.716658 0.492910
537.091521 368.346014 0.493343
536.571668 366.541552 0.494784
541.571261 366.889557 0.492429
537.772544 368.243116 0.494615
536.578983 366.437129 0.494244
540.306817 366.330739 0.492107
536.628697 369.117169 0.493654
541.854218 369.645540 0.494481
541.047104 367.476397 0.495986
538.178591 366.184657 0.492141
538.240310 366.165201 0.496115
541.708781 366.981718 0.493121
540.647623 367.034319 0.497910
540.052610 367.047699 0.499009
540.946384 366.347757 0.496752
539.317847 369.979541 0.501542
542.497705 366.748929 0.496402
542.171632 369.724527 0.498275
542.149274 367.969612 0.498188
539.887552 367.986907 0.503051
541.795786 367.253217 0.502847
538.224220 366.767546 0.502598
540.266324 369.362904 0.502630
539.596878 370.338233 0.503610
542.386420 367.002262 0.499217
540.070512 368.703596 0.499741
543.220558 369.003510 0.497129
538.373724 369.633314 0.497313
538.954388 367.938576 0.502117
542.034422 369.507376 0.497228
539.529010 367.187454 0.498048
540.590186 370.398631 0.496436
542.001691 368.255347 0.496884
541.900392 367.608443 0.500879
538.953314 369.076428 0.500860
542.492134 367.544341 0.495705
543.897211 370.669814 0.502434
542.506132 368.892362 0.502949
542.785596 369.695464 0.503310
542.223219 370.618134 0.501850
541.406268 369.513610 0.497141
541.112932 368.079477 0.500696
544.419281 369.558710 0.497237
539.361852 369.331017 0.502429
540.117718 369.562928 0.499064
540.957017 370.454345 0.497682
540.073203 368.774416 0.498494
544.001933 370.637574 0.494229
539.679627 369.823887 0.498753
544.736666 367.812920 0.497061
544.836902 370.288629 0.498533
542.965883 367.751783 0.497005
543.409799 371.038859 0.499231
539.870378 369.842014 0.498510
540.635650 371.186834 0.493507
543.216744 367.584201 0.494266
539.481952 368.776064 0.492021
539.971166 368.355542 0.492702
539.875505 370.773217 0.494121
542.724089 368.324184 0.494348
545.500257 370.744109 0.491208
540.940358 369.281308 0.494240
544.127866 367.751725 0.498189
545.639791 371.581710 0.498456
543.056857 371.075529 0.496945
542.917481 368.387301 0.496083
544.758526 367.817789 0.497241
544.799680 371.597891 0.497682
546.045180 368.835787 0.492502
543.508356 368.275489 0.498149
544.858963 369.882179 0.497153
542.782816 368.783595 0.496683
544.036212 368.961539 0.496364
545.787693 370.211537 0.500316
544.327296 370.708628 0.500178
546.153375 370.132589 0.498167
541.956724 369.967214 0.501525
542.571723 371.699392 0.497194
542.642054 368.669754 0.502356
546.323551 370.902003 0.501065
542.713484 368.400742 0.498216
546.335972 369.997289 0.502625
543.062828 372.107237 0.499964
543.858043 369.291303 0.498522
544.291186 370.406177 0.504067
545.107444 372.278217 0.502666
541.405433 371.858087 0.502103
545.594735 369.855432 0.497342
541.643723 368.599981 0.499094
542.561376 368.938763 0.502680
542.670077 370.323980 0.501573
545.638784 370.313324 0.499869
543.664342 372.217461 0.502926
546.844876 371.918623 0.496889
544.935792 369.607956 0.498171
543.132087 369.774130 0.501592
544.628465 371.076235 0.500331
547.360951 368.975069 0.501097
542.793062 372.721253 0.497762
546.866654 372.518986 0.495355
542.533810 372.269125 0.500552
544.401646 372.589215 0.497191
547.845960 372.271030 0.493257
545.679714 370.402726 0.494795
545.850498 370.603745 0.495764
545.259050 370.553479 0.497565
542.342983 372.513051 0.496694
545.431995 369.978875 0.497587
544.816704 371.535887 0.497891
544.561413 372.044806 0.498142
543.458727 370.597685 0.493423
548.254684 371.032371 0.492288
547.322303 369.358101 0.492163
547.671507 371.960124 0.496663
546.893068 373.172394 0.495178
546.046202 369.969900 0.494941
544.221896 369.777198 0.495775
547.154895 372.889831 0.496937
543.186379 369.542557 0.499651
548.157867 370.057642 0.498709
545.756427 370.740035 0.500221
548.509093 372.619630 0.496187
548.313645 369.458371 0.498106
548.648192 369.855181 0.498420
544.606376 370.905525 0.497250
543.547237 369.794647 0.497889
548.733549 373.148750 0.502538
547.848726 369.663821 0.499541
549.011894 372.039814 0.497995
545.102152 372.757216 0.505338
545.019335 371.135168 0.502630
545.472279 373.180798 0.498479
546.843258 372.620295 0.497245
548.055830 370.499560 0.499549
545.204324 370.739662 0.496835
549.273846 372.411965 0.500227
546.791404 373.177618 0.500438
