100.000000 100.000000 0.000000
100.500952 100.000000 0.007865
101.001821 100.003939 0.015652
101.501680 100.011764 0.023352
102.000700 100.023419 0.030977
102.499354 100.038870 0.038537
102.999363 100.058149 0.046007
103.498238 100.081117 0.053413
103.996437 100.107753 0.060718
104.496476 100.138152 0.067950
104.995165 100.172090 0.075139
105.493916 100.209636 0.082228
105.992974 100.250765 0.089258
106.491698 100.295399 0.096212
106.988324 100.343328 0.103088
107.485950 100.394810 0.109907
107.983868 100.449756 0.116648
108.480068 100.507900 0.123332
108.975036 100.569257 0.129966
109.469691 100.633910 0.136531
109.964181 100.701846 0.143019
110.458823 100.773075 0.149437
110.953816 100.847601 0.155810
111.446740 100.925031 0.162105
111.940133 101.005720 0.168349
112.433509 101.089573 0.174506
112.924900 101.176205 0.180619
113.415530 101.265798 0.186675
113.906054 101.358445 0.192651
114.397286 101.454270 0.198589
114.887481 101.552918 0.204469
115.377568 101.654545 0.210264
115.866379 101.758867 0.216019
116.353814 101.865831 0.221711
116.841439 101.975750 0.227358
117.329004 102.088552 0.232936
117.815743 102.204026 0.238456
118.301103 102.322008 0.243927
118.786552 102.442828 0.249330
119.271414 102.566288 0.254690
119.754600 102.692082 0.260000
120.237729 102.820605 0.265252
120.718406 102.951182 0.270461
121.198337 103.084245 0.275621
121.678475 103.220037 0.280709
122.158618 103.358473 0.285761
122.638231 103.499384 0.290756
123.116379 103.642464 0.295708
123.592578 103.787533 0.300611
124.069227 103.935297 0.305470
124.545272 104.085413 0.310273
125.019800 104.237560 0.315015
125.495280 104.392503 0.319725
125.968665 104.549234 0.324389
126.441858 104.708353 0.329000
126.913661 104.869430 0.333572
127.384159 105.032467 0.338100
127.855785 105.198292 0.342579
128.324886 105.365592 0.347003
128.794099 105.535277 0.351396
129.261660 105.706690 0.355729
129.728781 105.880241 0.360033
130.194521 106.055565 0.364296
130.660429 106.233223 0.368507
131.125676 106.412876 0.372684
131.590319 106.594531 0.376817
132.054674 106.778288 0.380894
132.516121 106.963074 0.384943
132.976738 107.149696 0.388956
133.436752 107.338226 0.392928
133.897570 107.529227 0.396857
134.357121 107.721821 0.400743
134.815797 107.916148 0.404593
135.274044 108.112377 0.408399
135.731033 108.310130 0.412177
136.186676 108.509346 0.415913
136.641819 108.710374 0.419603
137.096480 108.913197 0.423261
137.549242 109.117161 0.426878
138.000974 109.322631 0.430459
138.454020 109.530659 0.434000
138.904599 109.739490 0.437520
139.353893 109.949649 0.441001
139.803933 110.162070 0.444446
140.252986 110.375920 0.447854
140.701470 110.591376 0.451230
141.148462 110.807976 0.454576
141.595737 111.026565 0.457893
142.040530 111.245771 0.461175
142.486022 111.467142 0.464421
142.929254 111.689187 0.467638
143.372649 111.913100 0.470809
143.814172 112.137828 0.473959
144.255945 112.364438 0.477065
144.695996 112.591894 0.480147
145.135429 112.820750 0.483196
145.574386 113.051062 0.486214
146.012188 113.282455 0.489210
146.449618 113.515332 0.492179
146.886322 113.749488 0.495107
147.321820 113.984642 0.498003
147.755944 114.220681 0.500877
148.190635 114.458648 0.503715
148.624113 114.697554 0.506527
149.056063 114.937203 0.509315
149.488505 115.178705 0.512076
149.920252 115.421384 0.514805
150.350728 115.664898 0.517514
150.779601 115.909041 0.520199
151.208930 116.154972 0.522856
151.637791 116.402150 0.525488
152.063963 116.649275 0.528083
152.491207 116.898506 0.530657
152.916452 117.148039 0.533202
153.341934 117.399170 0.535724
153.766751 117.651355 0.538221
154.190237 117.904182 0.540695
154.612391 118.157633 0.543140
155.034702 118.412585 0.545564
155.455713 118.668147 0.547966
155.875332 118.924244 0.550336
156.295648 119.182136 0.552691
156.714274 119.440351 0.555018
157.131614 119.699114 0.557326
157.547945 119.958584 0.559608
157.964855 120.219738 0.561861
158.381471 120.482017 0.564100
158.795879 120.744202 0.566307
159.208982 121.006841 0.568496
159.623373 121.271574 0.570665
160.036718 121.536904 0.572810
160.448552 121.802512 0.574937
160.859297 122.068656 0.577046
161.269220 122.335497 0.579125
161.677787 122.602667 0.581186
162.087521 122.871807 0.583233
162.496459 123.141623 0.585259
162.904455 123.412007 0.587260
163.311739 123.683092 0.589245
163.717265 123.954172 0.591205
164.121307 124.225406 0.593144
164.525466 124.497857 0.595069
164.929024 124.771035 0.596973
165.331974 125.044920 0.598854
165.734604 125.319697 0.600721
166.135727 125.594545 0.602570
166.537153 125.870692 0.604402
166.936680 126.146613 0.606210
167.334858 126.422667 0.608003
167.733886 126.700370 0.609776
168.130493 126.977435 0.611530
168.527383 127.255733 0.613265
168.923844 127.534759 0.614984
169.318752 127.813708 0.616691
169.712988 128.093192 0.618377
170.107424 128.373818 0.620050
170.500336 128.654351 0.621700
170.892655 128.935439 0.623338
171.285098 129.217589 0.624960
171.675058 129.498917 0.626567
172.065584 129.781607 0.628156
172.455667 130.064922 0.629725
172.844183 130.348031 0.631282
173.231724 130.631354 0.632827
173.618931 130.915352 0.634349
174.004918 131.199360 0.635862
174.390357 131.483865 0.637355
174.775888 131.769328 0.638833
175.160751 132.055177 0.640301
175.544269 132.340902 0.641751
175.926753 132.626721 0.643189
176.308022 132.912486 0.644608
176.689671 133.199383 0.646016
177.070564 133.486552 0.647408
177.450942 133.774165 0.648787
177.829066 134.060893 0.650151
178.207752 134.348862 0.651503
178.584833 134.636416 0.652844
178.960817 134.923932 0.654173
179.335864 135.211521 0.655484
179.711387 135.500258 0.656783
180.085004 135.788304 0.658068
180.457797 136.076477 0.659341
180.829874 136.364856 0.660599
181.201514 136.653645 0.661846
181.573184 136.943200 0.663081
181.942546 137.231692 0.664304
182.312718 137.521546 0.665514
182.680419 137.810184 0.666713
183.048223 138.099615 0.667899
183.414466 138.388522 0.669074
183.781192 138.678510 0.670239
184.146539 138.968100 0.671391
184.510619 139.257369 0.672531
184.875248 139.547753 0.673661
185.238381 139.837616 0.674781
185.600596 140.127412 0.675885
185.962466 140.417587 0.676979
186.323338 140.707612 0.678066
186.682777 140.997128 0.679137
187.042562 141.287560 0.680201
187.401257 141.577742 0.681252
187.759388 141.868091 0.682292
188.115990 142.157816 0.683321
188.472287 142.447901 0.684342
188.827123 142.737401 0.685353
189.181204 143.026881 0.686355
189.534488 143.316300 0.687345
189.887169 143.605810 0.688324
190.239339 143.895478 0.689294
190.589775 144.184289 0.690254
190.940679 144.474053 0.691205
191.290659 144.763614 0.692149
191.639324 145.052642 0.693081
191.986389 145.340889 0.694003
192.332498 145.628882 0.694915
192.678834 145.917600 0.695820
193.024372 146.206181 0.696714
193.369112 146.494621 0.697601
193.713403 146.783204 0.698480
194.055845 147.070750 0.699350
194.397900 147.358480 0.700212
194.739804 147.646585 0.701062
195.079656 147.933456 0.701907
195.419901 148.221151 0.702740
195.758003 148.507518 0.703569
196.096415 148.794629 0.704387
196.434085 149.081587 0.705196
196.769478 149.367077 0.705996
197.103871 149.652177 0.706789
197.438497 149.937935 0.707575
197.771538 150.222791 0.708351
198.105020 150.508475 0.709121
198.436543 150.792921 0.709882
198.767990 151.077742 0.710637
199.098690 151.362354 0.711384
199.427426 151.645704 0.712124
199.754923 151.928409 0.712857
200.082292 152.211422 0.713584
200.408232 152.493615 0.714303
200.734146 152.776195 0.715014
201.058746 153.058040 0.715718
201.382937 153.339931 0.716416
201.705674 153.620953 0.717106
202.028244 153.902221 0.717788
202.348897 154.182203 0.718463
202.670316 154.463237 0.719133
202.989584 154.742768 0.719796
203.308819 155.022643 0.720453
203.627457 155.302365 0.721101
203.944145 155.580740 0.721745
204.260691 155.859351 0.722380
204.575416 156.136714 0.723009
204.890343 156.414608 0.723633
205.203668 156.691435 0.724251
205.516363 156.968050 0.724863
205.828089 157.244149 0.725467
206.139522 157.520323 0.726068
206.449974 157.795962 0.726662
206.758182 158.069935 0.727249
207.066226 158.344087 0.727832
207.374003 158.618323 0.728406
207.680702 158.891914 0.728978
207.985244 159.163894 0.729542
208.289474 159.435904 0.730102
208.592744 159.707361 0.730654
208.895253 159.978438 0.731202
209.196213 160.248424 0.731743
209.495979 160.517633 0.732280
209.795619 160.787019 0.732811
210.094343 161.055868 0.733338
210.391401 161.323502 0.733859
210.688727 161.591658 0.734376
210.985026 161.859165 0.734885
211.280626 162.126314 0.735391
211.575312 162.392909 0.735892
211.867832 162.657810 0.736386
212.159557 162.922255 0.736876
212.450448 163.186203 0.737361
212.740346 163.449506 0.737841
213.029719 163.712586 0.738317
213.317877 163.974812 0.738788
213.605010 164.236353 0.739255
213.890955 164.497056 0.739716
214.176172 164.757337 0.740174
214.460879 165.017390 0.740625
214.744564 165.276746 0.741073
215.027512 165.535659 0.741515
215.309919 165.794308 0.741954
215.590722 166.051714 0.742387
215.870107 166.308043 0.742817
216.149136 166.564267 0.743242
216.427431 166.820035 0.743664
216.703974 167.074408 0.744081
216.979489 167.328047 0.744495
217.254378 167.581321 0.744903
217.528199 167.833816 0.745308
217.801377 168.085924 0.745708
218.073141 168.336929 0.746105
218.344684 168.587929 0.746497
218.614725 168.837737 0.746887
218.883717 169.086769 0.747273
219.152502 169.335803 0.747653
219.420525 169.584320 0.748030
219.687469 169.832024 0.748404
219.953876 170.079415 0.748774
220.219190 170.325973 0.749141
220.483079 170.571389 0.749503
220.746100 170.816174 0.749862
221.007633 171.059749 0.750218
221.268616 171.302987 0.750569
221.528178 171.545069 0.750917
221.787415 171.787018 0.751261
222.045688 172.028234 0.751602
222.302215 172.267982 0.751940
222.558114 172.507305 0.752274
222.813680 172.746477 0.752605
223.066970 172.983677 0.752933
223.319424 173.220249 0.753259
223.571894 173.456991 0.753580
223.822907 173.692518 0.753898
224.072839 173.927180 0.754214
224.322626 174.161854 0.754525
224.571385 174.395709 0.754835
224.819091 174.628718 0.755140
225.066201 174.861309 0.755443
225.311900 175.092712 0.755742
225.557089 175.323773 0.756038
225.800593 175.553382 0.756332
226.042833 175.781934 0.756622
226.285013 176.010563 0.756911
226.525460 176.237686 0.757195
226.766175 176.465193 0.757477
227.005254 176.691281 0.757756
227.242631 176.915884 0.758032
227.479789 177.140405 0.758306
227.716312 177.364446 0.758577
227.951392 177.587243 0.758846
228.185397 177.809139 0.759111
228.418202 178.030016 0.759374
228.649957 178.250012 0.759635
228.881275 178.469708 0.759892
229.112607 178.689531 0.760148
229.342210 178.907821 0.760400
229.570370 179.124850 0.760651
229.797984 179.341468 0.760898
230.024776 179.557411 0.761143
230.250620 179.772557 0.761385
230.476238 179.987591 0.761625
230.700306 180.201252 0.761863
230.923851 180.414514 0.762098
231.146292 180.626824 0.762331
231.367646 180.838194 0.762561
231.588221 181.048918 0.762789
231.808414 181.259373 0.763015
232.026559 181.467965 0.763239
232.244794 181.676736 0.763461
232.461630 181.884261 0.763681
232.677418 182.090875 0.763898
232.892907 182.297291 0.764113
233.107128 182.502581 0.764326
233.321105 182.707725 0.764536
233.533437 182.911378 0.764745
233.745118 183.114490 0.764952
233.956021 183.316941 0.765157
234.165592 183.518195 0.765359
234.374242 183.718646 0.765560
234.582012 183.918332 0.765758
234.789548 184.117871 0.765955
234.995794 184.316249 0.766149
235.201357 184.514046 0.766342
235.405974 184.711010 0.766533
235.610227 184.907699 0.766721
235.813813 185.103818 0.766908
236.016668 185.299307 0.767093
236.218060 185.493457 0.767276
236.419334 185.687566 0.767457
236.618783 185.879983 0.767636
236.816890 186.071176 0.767814
237.014776 186.262221 0.767990
237.211958 186.452655 0.768164
237.407818 186.641878 0.768336
237.603195 186.830699 0.768507
237.797641 187.018684 0.768675
237.991622 187.206283 0.768842
238.184139 187.392529 0.769008
238.376799 187.578975 0.769172
238.568471 187.764525 0.769334
238.758496 187.948541 0.769495
238.947253 188.131388 0.769654
239.135487 188.313787 0.769811
239.323696 188.496218 0.769967
239.510320 188.677169 0.770122
239.696533 188.857778 0.770275
239.881078 189.036824 0.770426
240.065654 189.215954 0.770576
240.249543 189.394471 0.770725
240.432456 189.572093 0.770871
240.615164 189.749568 0.771017
240.796386 189.925652 0.771160
240.977355 190.101540 0.771302
241.157297 190.276479 0.771443
241.337038 190.451272 0.771582
241.514998 190.624381 0.771721
241.692574 190.797165 0.771857
241.869579 190.969441 0.771993
242.045724 191.140925 0.772126
242.221114 191.311720 0.772259
242.395568 191.481649 0.772391
242.569906 191.651509 0.772521
242.742932 191.820136 0.772649
242.914843 191.987718 0.772776
243.086342 192.154941 0.772903
243.256579 192.320976 0.773028
243.425625 192.485891 0.773151
243.595572 192.651725 0.773274
243.764204 192.816317 0.773395
243.931475 192.979620 0.773515
244.098868 193.143081 0.773634
244.264853 193.305206 0.773752
244.430302 193.466845 0.773868
244.595379 193.628159 0.773983
244.759736 193.788806 0.774097
244.922867 193.948291 0.774210
245.085028 194.106863 0.774322
245.247542 194.265817 0.774433
245.408848 194.423623 0.774543
245.569333 194.580660 0.774651
245.728918 194.736852 0.774758
245.888490 194.893064 0.774865
246.046386 195.047668 0.774970
246.204144 195.202170 0.775074
246.360999 195.355819 0.775177
246.517665 195.509316 0.775279
246.672933 195.661472 0.775381
246.828203 195.813662 0.775481
246.981893 195.964333 0.775580
247.134889 196.114354 0.775678
247.288048 196.264564 0.775776
247.440294 196.413909 0.775872
247.592266 196.563012 0.775967
247.743502 196.711422 0.776061
247.893800 196.858939 0.776155
248.043712 197.006105 0.776247
248.192786 197.152475 0.776338
248.340731 197.297763 0.776429
248.488358 197.442766 0.776519
248.635093 197.586918 0.776608
248.781864 197.731131 0.776696
248.927995 197.874741 0.776783
249.072782 198.017054 0.776869
249.217702 198.159523 0.776954
249.361134 198.300553 0.777039
249.504485 198.441527 0.777122
249.646753 198.581459 0.777205
249.787944 198.720356 0.777287
249.929181 198.859320 0.777368
250.069534 198.997437 0.777449
250.209693 199.135385 0.777528
250.348961 199.272477 0.777607
250.487798 199.409168 0.777685
250.626048 199.545302 0.777762
250.763791 199.680957 0.777838
250.900664 199.815776 0.777914
251.037069 199.950154 0.777989
251.172081 200.083180 0.778063
251.307229 200.216359 0.778136
251.442412 200.349593 0.778209
251.575986 200.481261 0.778281
251.709537 200.612924 0.778352
251.842194 200.743725 0.778422
251.973857 200.873563 0.778492
252.105790 201.003686 0.778561
252.236544 201.132664 0.778629
252.367138 201.261503 0.778697
252.497302 201.389934 0.778764
252.625775 201.516713 0.778830
252.755139 201.644389 0.778896
252.883037 201.770635 0.778961
253.010913 201.896875 0.779025
253.138084 202.022434 0.779089
253.264860 202.147621 0.779152
253.390349 202.271553 0.779215
253.515379 202.395046 0.779276
253.640868 202.519007 0.779337
253.765021 202.641665 0.779398
253.888354 202.763526 0.779458
254.011206 202.884927 0.779517
254.134211 203.006494 0.779576
254.255972 203.126846 0.779635
254.377334 203.246817 0.779692
254.498594 203.366701 0.779749
254.619227 203.485979 0.779806
254.739522 203.604936 0.779862
254.859210 203.723305 0.779917
254.977815 203.840618 0.779972
255.096205 203.957729 0.780026
255.214102 204.074367 0.780079
255.331460 204.190482 0.780133
255.448415 204.306212 0.780185
255.564513 204.421106 0.780238
255.679943 204.535351 0.780289
255.795141 204.649378 0.780340
255.910226 204.763304 0.780391
256.024272 204.876214 0.780441
256.138194 204.989012 0.780490
256.251231 205.100945 0.780539
256.363548 205.212175 0.780588
256.475737 205.323290 0.780636
256.587650 205.434143 0.780684
256.699027 205.544474 0.780731
256.810623 205.655033 0.780777
256.920655 205.764053 0.780824
257.030341 205.872740 0.780869
257.139956 205.981367 0.780915
257.249014 206.089452 0.780960
257.357433 206.196913 0.781004
257.466074 206.304602 0.781048
257.573748 206.411344 0.781091
257.681042 206.517718 0.781134
257.787710 206.623480 0.781177
257.893729 206.728608 0.781219
257.999938 206.833932 0.781261
258.106232 206.939351 0.781302
258.211601 207.043861 0.781343
258.316300 207.147713 0.781384
258.420408 207.250989 0.781424
258.523633 207.353397 0.781464
258.627686 207.456634 0.781503
258.730231 207.558384 0.781542
258.833311 207.660671 0.781581
258.935274 207.761859 0.781619
259.037130 207.862948 0.781657
259.138606 207.963668 0.781694
259.238960 208.063280 0.781731
259.339354 208.162941 0.781768
259.439982 208.262841 0.781804
259.538997 208.361147 0.781840
259.637923 208.459371 0.781876
259.735919 208.556679 0.781911
259.833870 208.653949 0.781946
259.931339 208.750748 0.781980
260.028503 208.847250 0.782014
260.125647 208.943739 0.782048
260.221749 209.039199 0.782082
260.317987 209.134801 0.782115
260.413625 209.229813 0.782148
260.509154 209.324723 0.782180
260.603987 209.418948 0.782212
260.698789 209.513147 0.782244
260.792357 209.606126 0.782276
260.886342 209.699526 0.782307
260.979420 209.792031 0.782338
261.072929 209.884969 0.782368
261.165140 209.976623 0.782399
261.257572 210.068502 0.782429
261.349805 210.160189 0.782458
261.441788 210.251633 0.782488
261.532946 210.342262 0.782517
261.623180 210.431978 0.782546
261.714235 210.522514 0.782574
261.803775 210.611550 0.782602
261.894056 210.701328 0.782630
261.983332 210.790111 0.782658
262.072943 210.879232 0.782685
262.161968 210.967775 0.782713
262.250270 211.055604 0.782739
262.337787 211.142658 0.782766
262.425528 211.229938 0.782792
262.512540 211.316497 0.782818
262.599146 211.402658 0.782844
262.685795 211.488865 0.782870
262.771224 211.573863 0.782895
262.856727 211.658940 0.782920
262.942407 211.744195 0.782945
263.027354 211.828727 0.782969
263.112399 211.913360 0.782994
263.196864 211.997419 0.783018
263.281094 212.081249 0.783041
263.364374 212.164138 0.783065
263.447657 212.247033 0.783088
263.531298 212.330288 0.783111
263.614103 212.412715 0.783134
263.696131 212.494373 0.783157
263.778301 212.576176 0.783179
263.859901 212.657414 0.783202
263.941107 212.738265 0.783223
264.022011 212.818817 0.783245
264.102559 212.899019 0.783267
264.183397 212.979514 0.783288
264.263466 213.059245 0.783309
264.343012 213.138459 0.783330
264.422742 213.217860 0.783351
264.501705 213.296501 0.783371
264.580237 213.374715 0.783391
264.659036 213.453198 0.783411
264.736804 213.530657 0.783431
264.814587 213.608136 0.783451
264.892731 213.685975 0.783470
264.969983 213.762930 0.783490
265.047195 213.839848 0.783509
265.123905 213.916269 0.783528
265.200910 213.992986 0.783546
265.277009 214.068803 0.783565
265.353065 214.144582 0.783583
265.428983 214.220225 0.783601
265.504429 214.295400 0.783619
265.579312 214.370017 0.783637
265.654254 214.444695 0.783655
265.728708 214.518890 0.783672
265.802622 214.592550 0.783690
265.876398 214.666073 0.783707
265.949758 214.739186 0.783724
266.023066 214.812249 0.783740
266.096060 214.885002 0.783757
266.168955 214.957658 0.783773
266.241406 215.029873 0.783790
266.313749 215.101984 0.783806
266.385222 215.173230 0.783822
266.456749 215.244532 0.783837
266.527877 215.315438 0.783853
266.598812 215.386154 0.783868
266.670091 215.457215 0.783884
266.740072 215.526985 0.783899
266.810717 215.597418 0.783914
266.881100 215.667593 0.783929
266.951022 215.737309 0.783943
267.020590 215.806675 0.783958
267.089922 215.875808 0.783972
267.158586 215.944276 0.783987
267.226894 216.012392 0.784001
267.294854 216.080162 0.784015
267.363306 216.148424 0.784028
267.430901 216.215835 0.784042
267.498379 216.283130 0.784056
267.565834 216.350404 0.784069
267.632540 216.416933 0.784083
267.698902 216.483121 0.784096
267.765465 216.549511 0.784109
267.832268 216.616141 0.784122
267.898618 216.682322 0.784134
267.964795 216.748333 0.784147
268.030616 216.813989 0.784159
268.096365 216.879575 0.784172
268.161867 216.944917 0.784184
268.227053 217.009944 0.784196
268.291336 217.074074 0.784208
268.356285 217.138868 0.784220
268.421004 217.203434 0.784232
268.485049 217.267330 0.784244
268.548671 217.330805 0.784255
268.612017 217.394007 0.784267
268.675585 217.457431 0.784278
268.738979 217.520684 0.784289
268.802006 217.583571 0.784300
268.865041 217.646468 0.784311
268.927682 217.708972 0.784322
268.989729 217.770886 0.784333
269.051580 217.832605 0.784343
269.113154 217.894050 0.784354
269.174566 217.955333 0.784364
269.236276 218.016916 0.784375
269.297729 218.078243 0.784385
269.358424 218.138816 0.784395
269.419261 218.199530 0.784405
269.479539 218.259689 0.784415
269.539407 218.319440 0.784425
269.599360 218.379276 0.784435
269.659121 218.438922 0.784444
269.719024 218.498711 0.784454
269.778668 218.558242 0.784463
269.837612 218.617076 0.784473
269.896627 218.675982 0.784482
269.955049 218.734297 0.784491
270.013978 218.793119 0.784500
270.072140 218.851176 0.784509
270.130663 218.909595 0.784518
270.188775 218.967606 0.784527
270.246132 219.024863 0.784535
270.303376 219.082008 0.784544
270.360914 219.139448 0.784553
270.418331 219.196767 0.784561
270.475257 219.253599 0.784569
270.532281 219.310528 0.784578
270.589054 219.367208 0.784586
270.644865 219.422928 0.784594
270.700788 219.478762 0.784602
270.756401 219.534286 0.784610
270.811592 219.589390 0.784618
270.866732 219.644445 0.784626
270.922265 219.699891 0.784633
270.977694 219.755235 0.784641
271.032532 219.809991 0.784649
271.087367 219.864743 0.784656
271.142084 219.919379 0.784664
271.196791 219.974006 0.784671
271.250953 220.028089 0.784678
271.304692 220.081751 0.784685
271.358331 220.135314 0.784693
271.411599 220.188507 0.784700
271.465268 220.242101 0.784707
271.518251 220.295010 0.784713
271.571046 220.347733 0.784720
271.623388 220.400004 0.784727
271.675593 220.452139 0.784734
271.728353 220.504829 0.784740
271.780875 220.557282 0.784747
271.832642 220.608981 0.784754
271.884490 220.660763 0.784760
271.935986 220.712193 0.784766
271.987344 220.763487 0.784773
272.038892 220.814970 0.784779
272.089760 220.865775 0.784785
272.140895 220.916847 0.784791
272.191323 220.967214 0.784797
272.242173 221.018003 0.784803
272.292994 221.068764 0.784809
272.343879 221.119589 0.784815
272.394073 221.169724 0.784821
272.443850 221.219443 0.784827
272.494134 221.269670 0.784832
272.544117 221.319597 0.784838
272.593831 221.369255 0.784844
272.642743 221.418113 0.784849
272.691732 221.467048 0.784855
272.740381 221.515644 0.784860
272.789536 221.564747 0.784866
272.838034 221.613193 0.784871
272.886736 221.661843 0.784876
272.935076 221.710133 0.784881
272.983441 221.758448 0.784887
273.031692 221.806650 0.784892
273.079521 221.854430 0.784897
273.126954 221.901815 0.784902
273.174227 221.949041 0.784907
273.221623 221.996392 0.784912
273.268644 222.043366 0.784917
273.316190 222.090867 0.784921
273.363234 222.137866 0.784926
273.410427 222.185014 0.784931
273.456711 222.231255 0.784935
273.503106 222.277607 0.784940
273.549143 222.323602 0.784945
273.595752 222.370168 0.784949
273.641445 222.415820 0.784954
273.687399 222.461733 0.784958
273.733245 222.507540 0.784963
273.779157 222.553412 0.784967
273.824893 222.599108 0.784971
273.870478 222.644654 0.784975
273.915456 222.689594 0.784980
273.960673 222.734774 0.784984
274.005299 222.779362 0.784988
274.049546 222.823573 0.784992
274.093758 222.867749 0.784996
274.137975 222.911931 0.785000
274.182488 222.956408 0.785004
274.226973 223.000859 0.785008
274.271230 223.045081 0.785012
274.314934 223.088751 0.785016
274.358915 223.132698 0.785020
274.402485 223.176236 0.785023
274.446157 223.219874 0.785027
274.489133 223.262819 0.785031
274.532579 223.306234 0.785035
274.575329 223.348952 0.785038
274.618085 223.391677 0.785042
274.660796 223.434358 0.785045
274.703544 223.477075 0.785049
274.745947 223.519449 0.785052
274.788761 223.562234 0.785056
274.831365 223.604808 0.785059
274.873346 223.646761 0.785063
274.915069 223.688456 0.785066
274.957376 223.730735 0.785069
274.998958 223.772289 0.785073
275.040793 223.814097 0.785076
275.082622 223.855899 0.785079
275.123708 223.896959 0.785082
275.164511 223.937736 0.785085
275.205231 223.978430 0.785089
275.246332 224.019506 0.785092
275.286801 224.059950 0.785095
275.327314 224.100439 0.785098
275.367752 224.140853 0.785101
275.407892 224.180969 0.785104
275.448158 224.221211 0.785107
275.488138 224.261168 0.785110
275.528309 224.301315 0.785113
275.568444 224.341427 0.785115
275.607853 224.380814 0.785118
275.647203 224.420142 0.785121
275.687000 224.459917 0.785124
275.726702 224.499597 0.785127
275.766297 224.539171 0.785129
275.805400 224.578253 0.785132
275.844599 224.617431 0.785135
275.883878 224.656690 0.785137
275.923032 224.695823 0.785140
275.961527 224.734298 0.785142
276.000359 224.773110 0.785145
276.039210 224.811941 0.785147
276.077279 224.849991 0.785150
276.115140 224.887833 0.785152
276.153280 224.925955 0.785155
276.191147 224.963804 0.785157
276.229257 225.001895 0.785160
276.266989 225.039609 0.785162
276.305053 225.077656 0.785165
276.342734 225.115319 0.785167
276.380028 225.152595 0.785169
276.417097 225.189647 0.785171
276.454763 225.227296 0.785174
276.491529 225.264046 0.785176
276.528245 225.300745 0.785178
276.565248 225.337732 0.785180
276.602331 225.374799 0.785183
276.639029 225.411481 0.785185
276.675527 225.447964 0.785187
276.711777 225.484198 0.785189
276.748089 225.520495 0.785191
276.784449 225.556840 0.785193
276.820302 225.592678 0.785195
276.856732 225.629094 0.785197
276.893026 225.665373 0.785199
276.929069 225.701401 0.785201
276.964576 225.736895 0.785203
277.000270 225.772575 0.785205
277.035985 225.808276 0.785207
277.071369 225.843646 0.785209
277.106586 225.878850 0.785211
277.141978 225.914229 0.785213
277.176820 225.949058 0.785215
277.211471 225.983696 0.785216
277.246279 226.018492 0.785218
277.280894 226.053094 0.785220
277.315867 226.088055 0.785222
277.350089 226.122265 0.785224
277.384343 226.156507 0.785225
277.418633 226.190785 0.785227
277.452786 226.224926 0.785229
277.487177 226.259305 0.785230
277.521626 226.293743 0.785232
277.555592 226.327697 0.785234
277.589288 226.361382 0.785235
277.623240 226.395323 0.785237
277.657306 226.429379 0.785239
277.691296 226.463357 0.785240
277.724567 226.496619 0.785242
277.758322 226.530363 0.785243
277.791785 226.563815 0.785245
277.825159 226.597179 0.785246
277.858306 226.630316 0.785248
277.891175 226.663175 0.785249
277.923750 226.695740 0.785251
277.956495 226.728476 0.785252
277.989109 226.761081 0.785254
278.021629 226.793591 0.785255
278.054152 226.826105 0.785257
278.086708 226.858651 0.785258
278.118957 226.890891 0.785260
278.151111 226.923036 0.785261
278.183078 226.954995 0.785262
278.214848 226.986756 0.785264
278.247013 227.018912 0.785265
278.279232 227.051123 0.785266
278.310897 227.082779 0.785268
278.342698 227.114572 0.785269
278.374661 227.146527 0.785270
278.406596 227.178454 0.785272
278.438121 227.209971 0.785273
278.469781 227.241623 0.785274
278.500875 227.272710 0.785275
278.532438 227.304264 0.785277
278.563595 227.335414 0.785278
278.594816 227.366627 0.785279
278.625801 227.397605 0.785280
278.656491 227.428288 0.785281
278.687248 227.459037 0.785283
278.717834 227.489617 0.785284
278.748743 227.520519 0.785285
278.779119 227.550887 0.785286
278.809907 227.581669 0.785287
278.840583 227.612338 0.785288
278.870873 227.642621 0.785289
278.901408 227.673150 0.785290
278.931350 227.703086 0.785291
278.961423 227.733152 0.785293
278.991644 227.763366 0.785294
279.021543 227.793260 0.785295
279.051407 227.823117 0.785296
279.081476 227.853180 0.785297
279.111020 227.882718 0.785298
279.140667 227.912359 0.785299
279.169875 227.941561 0.785300
279.198986 227.970667 0.785301
279.228093 227.999768 0.785302
279.257263 228.028932 0.785303
279.286460 228.058123 0.785304
279.315683 228.087341 0.785305
279.344295 228.115948 0.785305
279.373104 228.144751 0.785306
279.401738 228.173380 0.785307
279.430681 228.202317 0.785308
279.459570 228.231201 0.785309
279.488462 228.260088 0.785310
279.517057 228.288678 0.785311
279.545403 228.317019 0.785312
279.574108 228.345719 0.785313
279.602361 228.373968 0.785313
279.630263 228.401865 0.785314
279.658308 228.429905 0.785315
279.686504 228.458097 0.785316
279.714554 228.486142 0.785317
279.742464 228.514047 0.785318
279.770179 228.541757 0.785318
279.798091 228.569666 0.785319
279.825513 228.597083 0.785320
279.853257 228.624822 0.785321
279.880838 228.652400 0.785322
279.908084 228.679641 0.785322
279.935747 228.707300 0.785323
279.963475 228.735023 0.785324
279.990503 228.762048 0.785325
280.017514 228.789055 0.785325
280.044535 228.816072 0.785326
280.071277 228.842810 0.785327
280.098222 228.869751 0.785328
280.125257 228.896782 0.785328
280.152306 228.923827 0.785329
280.178822 228.950340 0.785330
280.205733 228.977247 0.785330
280.232398 229.003909 0.785331
280.258967 229.030474 0.785332
280.285748 229.057251 0.785332
280.312408 229.083908 0.785333
280.338433 229.109930 0.785334
280.364887 229.136380 0.785334
280.391302 229.162792 0.785335
280.417637 229.189124 0.785336
280.443709 229.215192 0.785336
280.469991 229.241471 0.785337
280.496080 229.267556 0.785337
280.521758 229.293232 0.785338
280.547730 229.319200 0.785339
280.573663 229.345130 0.785339
280.599122 229.370586 0.785340
280.624589 229.396050 0.785340
280.650405 229.421863 0.785341
280.675686 229.447142 0.785342
280.701326 229.472778 0.785342
280.726479 229.497929 0.785343
280.751775 229.523222 0.785343
280.776949 229.548393 0.785344
280.801896 229.573338 0.785344
280.826813 229.598252 0.785345
280.852019 229.623456 0.785345
280.877161 229.648594 0.785346
280.902390 229.673821 0.785346
280.927334 229.698763 0.785347
280.952101 229.723527 0.785347
280.976841 229.748264 0.785348
281.001766 229.773186 0.785348
281.026378 229.797797 0.785349
281.051084 229.822500 0.785349
281.075379 229.846793 0.785350
281.099561 229.870973 0.785350
281.124057 229.895466 0.785351
281.148050 229.919456 0.785351
281.172500 229.943904 0.785352
281.196884 229.968286 0.785352
281.221187 229.992587 0.785353
281.244960 230.016358 0.785353
281.269193 230.040588 0.785354
281.292809 230.064202 0.785354
281.316807 230.088199 0.785355
281.340560 230.111949 0.785355
281.364488 230.135875 0.785355
281.388326 230.159711 0.785356
281.412092 230.183475 0.785356
281.435921 230.207302 0.785357
281.459412 230.230792 0.785357
281.482824 230.254201 0.785358
281.506089 230.277464 0.785358
281.529337 230.300710 0.785358
281.553001 230.324373 0.785359
281.576336 230.347705 0.785359
281.599421 230.370789 0.785360
281.622804 230.394170 0.785360
281.645998 230.417363 0.785360
281.669269 230.440631 0.785361
281.691921 230.463282 0.785361
281.715221 230.486580 0.785361
281.738356 230.509713 0.785362
281.761152 230.532507 0.785362
281.784170 230.555524 0.785362
281.806919 230.578271 0.785363
281.829313 230.600663 0.785363
281.852031 230.623380 0.785364
281.874837 230.646185 0.785364
281.897313 230.668659 0.785364
281.919451 230.690796 0.785365
281.942052 230.713395 0.785365
281.964143 230.735484 0.785365
281.986664 230.758004 0.785366
282.009086 230.780425 0.785366
282.031454 230.802791 0.785366
282.053371 230.824706 0.785367
282.075744 230.847078 0.785367
282.097759 230.869092 0.785367
282.119964 230.891296 0.785367
282.141972 230.913302 0.785368
282.163820 230.935149 0.785368
282.185504 230.956832 0.785368
282.207512 230.978838 0.785369
282.229454 231.000779 0.785369
282.250755 231.022079 0.785369
282.272173 231.043495 0.785370
282.293540 231.064862 0.785370
282.314837 231.086157 0.785370
282.336175 231.107494 0.785370
282.357594 231.128912 0.785371
282.378659 231.149976 0.785371
282.399983 231.171298 0.785371
282.421421 231.192736 0.785372
282.442460 231.213773 0.785372
282.463725 231.235037 0.785372
282.484585 231.255896 0.785372
282.505551 231.276860 0.785373
282.526509 231.297818 0.785373
282.547667 231.318975 0.785373
282.568803 231.340110 0.785373
282.589523 231.360828 0.785374
282.610466 231.381770 0.785374
282.631492 231.402796 0.785374
282.651992 231.423295 0.785374
282.672691 231.443993 0.785375
282.692974 231.464274 0.785375
282.713497 231.484797 0.785375
282.734177 231.505476 0.785375
282.754352 231.525650 0.785375
282.774598 231.545894 0.785376
282.795244 231.566540 0.785376
282.815716 231.587012 0.785376
282.835925 231.607219 0.785376
282.856009 231.627303 0.785377
282.876271 231.647564 0.785377
282.896077 231.667368 0.785377
282.916238 231.687529 0.785377
282.936385 231.707675 0.785377
282.956296 231.727585 0.785378
282.976057 231.747345 0.785378
282.995751 231.767039 0.785378
283.015591 231.786878 0.785378
283.035639 231.806925 0.785378
283.055456 231.826741 0.785379
283.075247 231.846531 0.785379
283.095121 231.866405 0.785379
283.114821 231.886104 0.785379
283.134432 231.905714 0.785379
283.153943 231.925224 0.785380
283.173282 231.944562 0.785380
283.192652 231.963932 0.785380
283.212392 231.983671 0.785380
283.231808 232.003087 0.785380
283.251440 232.022718 0.785381
283.270495 232.041772 0.785381
283.289902 232.061179 0.785381
283.309407 232.080683 0.785381
283.328905 232.100180 0.785381
283.347967 232.119241 0.785381
283.367031 232.138305 0.785382
283.386072 232.157345 0.785382
283.404942 232.176214 0.785382
283.423902 232.195174 0.785382
283.442828 232.214099 0.785382
283.462007 232.233278 0.785382
283.480713 232.251983 0.785383
283.499495 232.270764 0.785383
283.518553 232.289822 0.785383
283.537503 232.308772 0.785383
283.556293 232.327561 0.785383
283.574803 232.346071 0.785383
283.593233 232.364499 0.785383
283.611975 232.383241 0.785384
283.630664 232.401929 0.785384
283.649382 232.420648 0.785384
283.667664 232.438928 0.785384
283.686149 232.457413 0.785384
283.704392 232.475655 0.785384
283.722750 232.494013 0.785384
283.740816 232.512078 0.785385
283.759040 232.530302 0.785385
283.777489 232.548750 0.785385
283.795871 232.567132 0.785385
283.813767 232.585027 0.785385
283.832006 232.603266 0.785385
283.849679 232.620939 0.785385
283.867759 232.639018 0.785385
283.885529 232.656787 0.785386
283.903602 232.674860 0.785386
283.921160 232.692418 0.785386
283.938992 232.710249 0.785386
283.956525 232.727782 0.785386
283.974046 232.745303 0.785386
283.991541 232.762797 0.785386
284.009475 232.780730 0.785386
284.027341 232.798596 0.785387
284.045196 232.816450 0.785387
284.062588 232.833842 0.785387
284.079858 232.851112 0.785387
284.097463 232.868716 0.785387
284.115172 232.886426 0.785387
284.132413 232.903666 0.785387
284.149987 232.921239 0.785387
284.167009 232.938261 0.785387
284.184099 232.955351 0.785388
284.201649 232.972900 0.785388
284.218961 232.990212 0.785388
284.236330 233.007580 0.785388
284.253176 233.024427 0.785388
284.270396 233.041646 0.785388
284.287500 233.058750 0.785388
284.304309 233.075558 0.785388
284.321262 233.092511 0.785388
284.338342 233.109591 0.785389
284.355050 233.126298 0.785389
284.371861 233.143109 0.785389
284.388568 233.159815 0.785389
284.405586 233.176834 0.785389
284.422211 233.193458 0.785389
284.438952 233.210199 0.785389
284.455507 233.226753 0.785389
284.472384 233.243630 0.785389
284.488972 233.260218 0.785389
284.505402 233.276647 0.785389
284.522243 233.293488 0.785390
284.538571 233.309816 0.785390
284.554879 233.326123 0.785390
284.571509 233.342753 0.785390
284.587664 233.358908 0.785390
284.604114 233.375358 0.785390
284.620797 233.392040 0.785390
284.636905 233.408148 0.785390
284.653335 233.424579 0.785390
284.669516 233.440759 0.785390
284.686056 233.457298 0.785390
284.702434 233.473676 0.785390
284.718438 233.489680 0.785390
284.734622 233.505864 0.785391
284.750944 233.522185 0.785391
284.767258 233.538500 0.785391
284.783487 233.554728 0.785391
284.799627 233.570868 0.785391
284.815475 233.586716 0.785391
284.831501 233.602742 0.785391
284.847426 233.618667 0.785391
284.863127 233.634367 0.785391
284.878988 233.650228 0.785391
284.894974 233.666213 0.785391
284.911012 233.682251 0.785391
284.926737 233.697976 0.785391
284.942558 233.713797 0.785392
284.958385 233.729624 0.785392
284.973901 233.745139 0.785392
284.989574 233.760812 0.785392
285.005224 233.776462 0.785392
285.020550 233.791788 0.785392
285.036194 233.807432 0.785392
285.051778 233.823015 0.785392
285.067194 233.838431 0.785392
285.082521 233.853758 0.785392
285.098048 233.869284 0.785392
285.113167 233.884403 0.785392
285.128409 233.899646 0.785392
285.143763 233.914999 0.785392
285.158848 233.930084 0.785392
285.174363 233.945599 0.785392
285.189534 233.960770 0.785392
285.204569 233.975804 0.785393
285.219658 233.990894 0.785393
285.235004 234.006239 0.785393
285.249863 234.021098 0.785393
285.264703 234.035938 0.785393
285.279662 234.050897 0.785393
285.294673 234.065908 0.785393
285.309663 234.080898 0.785393
285.324712 234.095947 0.785393
285.339385 234.110619 0.785393
285.354422 234.125656 0.785393
285.369234 234.140468 0.785393
285.383978 234.155211 0.785393
285.398518 234.169751 0.785393
285.413466 234.184699 0.785393
285.428093 234.199326 0.785393
285.442658 234.213891 0.785393
285.457153 234.228386 0.785393
285.471587 234.242820 0.785393
285.486054 234.257286 0.785394
285.500808 234.272041 0.785394
285.515230 234.286462 0.785394
285.529653 234.300886 0.785394
285.544456 234.315688 0.785394
285.558940 234.330172 0.785394
285.573331 234.344563 0.785394
285.587624 234.358856 0.785394
285.601759 234.372991 0.785394
285.616325 234.387557 0.785394
285.630876 234.402108 0.785394
285.645396 234.416628 0.785394
285.659663 234.430894 0.785394
285.673637 234.444868 0.785394
285.687865 234.459096 0.785394
285.702292 234.473523 0.785394
285.716517 234.487747 0.785394
285.730836 234.502067 0.785394
285.744665 234.515896 0.785394
285.758596 234.529827 0.785394
285.772445 234.543676 0.785394
285.786224 234.557454 0.785394
285.800396 234.571626 0.785394
285.814654 234.585884 0.785394
285.828837 234.600067 0.785395
285.843008 234.614237 0.785395
285.857129 234.628359 0.785395
285.871299 234.642528 0.785395
285.884909 234.656139 0.785395
285.898910 234.670140 0.785395
285.912692 234.683922 0.785395
285.926313 234.697542 0.785395
285.940262 234.711491 0.785395
285.953927 234.725156 0.785395
285.967622 234.738851 0.785395
285.981485 234.752713 0.785395
285.995194 234.766423 0.785395
286.008561 234.779790 0.785395
286.021932 234.793160 0.785395
286.035350 234.806578 0.785395
286.049121 234.820349 0.785395
286.062731 234.833960 0.785395
286.076329 234.847557 0.785395
286.089968 234.861196 0.785395
286.103218 234.874446 0.785395
286.116553 234.887781 0.785395
286.129839 234.901067 0.785395
286.143317 234.914545 0.785395
286.156515 234.927743 0.785395
286.169699 234.940926 0.785395
286.182760 234.953987 0.785395
286.196201 234.967429 0.785395
286.209175 234.980403 0.785395
286.222514 234.993742 0.785395
286.235588 235.006815 0.785395
286.248664 235.019891 0.785395
286.261731 235.032958 0.785396
286.274640 235.045867 0.785396
286.287717 235.058944 0.785396
286.300901 235.072128 0.785396
286.314063 235.085290 0.785396
286.327066 235.098293 0.785396
286.340198 235.111425 0.785396
286.352904 235.124131 0.785396
286.365869 235.137096 0.785396
286.378999 235.150226 0.785396
286.392099 235.163326 0.785396
286.404996 235.176223 0.785396
286.417913 235.189140 0.785396
286.430684 235.201911 0.785396
286.443198 235.214425 0.785396
286.456136 235.227362 0.785396
286.468759 235.239985 0.785396
286.481497 235.252723 0.785396
286.494447 235.265673 0.785396
286.507289 235.278515 0.785396
286.519795 235.291021 0.785396
286.532171 235.303397 0.785396
286.544950 235.316175 0.785396
286.557754 235.328980 0.785396
286.570554 235.341779 0.785396
286.583328 235.354554 0.785396
286.595818 235.367043 0.785396
286.608383 235.379609 0.785396
286.620749 235.391974 0.785396
286.633410 235.404636 0.785396
286.645557 235.416783 0.785396
286.658167 235.429393 0.785396
286.670440 235.441665 0.785396
286.682648 235.453873 0.785396
286.694867 235.466092 0.785396
286.707382 235.478607 0.785396
286.719579 235.490804 0.785396
286.731685 235.502911 0.785396
286.743922 235.515147 0.785396
286.755978 235.527203 0.785396
286.768373 235.539598 0.785396
286.780617 235.551842 0.785396
286.792916 235.564141 0.785396
286.804811 235.576036 0.785396
286.816836 235.588061 0.785396
286.829078 235.600303 0.785396
286.841003 235.612228 0.785396
286.853167 235.624391 0.785397
286.865384 235.636608 0.785397
286.877264 235.648488 0.785397
286.889015 235.660239 0.785397
286.901056 235.672280 0.785397
286.913053 235.684278 0.785397
286.925166 235.696390 0.785397
286.937246 235.708471 0.785397
286.949109 235.720333 0.785397
286.961019 235.732243 0.785397
286.972770 235.743994 0.785397
286.984463 235.755687 0.785397
286.996291 235.767515 0.785397
287.008256 235.779480 0.785397
287.020055 235.791279 0.785397
287.031577 235.802801 0.785397
287.043176 235.814400 0.785397
287.054865 235.826089 0.785397
287.066764 235.837988 0.785397
287.078345 235.849569 0.785397
287.090122 235.861346 0.785397
287.101852 235.873076 0.785397
287.113344 235.884567 0.785397
287.124751 235.895975 0.785397
287.136343 235.907567 0.785397
287.147767 235.918991 0.785397
287.159054 235.930278 0.785397
287.170743 235.941967 0.785397
287.182395 235.953619 0.785397
287.193624 235.964847 0.785397
287.204900 235.976124 0.785397
287.216341 235.987564 0.785397
287.227525 235.998749 0.785397
287.238651 236.009875 0.785397
287.249919 236.021143 0.785397
287.261478 236.032702 0.785397
287.273019 236.044242 0.785397
287.284356 236.055580 0.785397
287.295543 236.066766 0.785397
287.306960 236.078184 0.785397
287.318422 236.089645 0.785397
287.329519 236.100742 0.785397
287.340505 236.111729 0.785397
287.351858 236.123081 0.785397
287.362811 236.134034 0.785397
287.374112 236.145335 0.785397
287.385286 236.156509 0.785397
287.396432 236.167655 0.785397
287.407381 236.178604 0.785397
287.418360 236.189583 0.785397
287.429200 236.200423 0.785397
287.440042 236.211265 0.785397
287.451024 236.222247 0.785397
287.462031 236.233254 0.785397
287.473025 236.244248 0.785397
287.483890 236.255113 0.785397
287.494770 236.265993 0.785397
287.505723 236.276946 0.785397
287.516831 236.288054 0.785397
287.527709 236.298932 0.785397
287.538532 236.309755 0.785397
287.549583 236.320806 0.785397
287.560321 236.331544 0.785397
287.571116 236.342338 0.785397
287.581881 236.353104 0.785397
287.592807 236.364030 0.785397
287.603519 236.374741 0.785397
287.614108 236.385331 0.785397
287.624824 236.396046 0.785397
287.635437 236.406660 0.785397
287.646186 236.417409 0.785397
287.656762 236.427985 0.785397
287.667119 236.438342 0.785397
287.677747 236.448970 0.785397
287.688458 236.459680 0.785397
287.698897 236.470119 0.785397
287.709387 236.480609 0.785397
287.719998 236.491221 0.785397
287.730514 236.501737 0.785397
287.740841 236.512064 0.785397
287.751382 236.522605 0.785397
287.762033 236.533256 0.785397
287.772556 236.543778 0.785397
287.782943 236.554166 0.785397
287.793555 236.564777 0.785397
287.804040 236.575263 0.785397
287.814594 236.585816 0.785397
287.824751 236.595974 0.785397
287.835318 236.606540 0.785397
287.845395 236.616617 0.785397
287.855656 236.626879 0.785397
287.865895 236.637118 0.785398
287.876184 236.647406 0.785398
287.886243 236.657466 0.785398
287.896467 236.667689 0.785398
287.906705 236.677927 0.785398
287.916856 236.688079 0.785398
287.927238 236.698460 0.785398
287.937235 236.708457 0.785398
287.947410 236.718632 0.785398
287.957742 236.728964 0.785398
287.968003 236.739226 0.785398
287.977875 236.749097 0.785398
287.987996 236.759218 0.785398
287.998069 236.769291 0.785398
288.008325 236.779547 0.785398
288.018426 236.789648 0.785398
288.028502 236.799724 0.785398
288.038705 236.809927 0.785398
288.048693 236.819915 0.785398
288.058578 236.829800 0.785398
288.068317 236.839539 0.785398
288.078320 236.849543 0.785398
288.088080 236.859302 0.785398
288.097782 236.869005 0.785398
288.107563 236.878785 0.785398
288.117615 236.888837 0.785398
288.127441 236.898663 0.785398
288.137205 236.908427 0.785398
288.147009 236.918231 0.785398
288.157002 236.928224 0.785398
288.166901 236.938123 0.785398
288.176872 236.948094 0.785398
288.186426 236.957648 0.785398
288.196300 236.967522 0.785398
288.206222 236.977445 0.785398
288.215862 236.987084 0.785398
288.225597 236.996819 0.785398
288.235102 237.006324 0.785398
288.244942 237.016164 0.785398
288.254391 237.025613 0.785398
288.263785 237.035007 0.785398
288.273164 237.044386 0.785398
288.282840 237.054062 0.785398
288.292572 237.063794 0.785398
288.302229 237.073451 0.785398
288.311675 237.082897 0.785398
288.321391 237.092613 0.785398
288.330843 237.102065 0.785398
288.340346 237.111567 0.785398
288.349947 237.121168 0.785398
288.359280 237.130502 0.785398
288.368670 237.139892 0.785398
288.378113 237.149335 0.785398
288.387674 237.158896 0.785398
288.397209 237.168431 0.785398
288.406526 237.177748 0.785398
288.416046 237.187268 0.785398
288.425620 237.196842 0.785398
288.435165 237.206387 0.785398
288.444590 237.215812 0.785398
288.454123 237.225345 0.785398
288.463661 237.234883 0.785398
288.472988 237.244210 0.785398
288.482156 237.253378 0.785398
288.491231 237.262453 0.785398
288.500487 237.271709 0.785398
288.509829 237.281051 0.785398
288.519153 237.290375 0.785398
288.528307 237.299528 0.785398
288.537664 237.308885 0.785398
288.546983 237.318205 0.785398
288.556014 237.327236 0.785398
288.565198 237.336419 0.785398
288.574190 237.345412 0.785398
288.583379 237.354601 0.785398
288.592288 237.363510 0.785398
288.601576 237.372798 0.785398
288.610722 237.381944 0.785398
288.619704 237.390926 0.785398
288.628572 237.399794 0.785398
288.637702 237.408924 0.785398
288.646883 237.418104 0.785398
288.655764 237.426986 0.785398
288.664972 237.436194 0.785398
288.673802 237.445024 0.785398
288.682932 237.454154 0.785398
288.691693 237.462915 0.785398
288.700460 237.471681 0.785398
288.709573 237.480794 0.785398
288.718624 237.489846 0.785398
288.727630 237.498851 0.785398
288.736587 237.507808 0.785398
288.745457 237.516679 0.785398
288.754172 237.525393 0.785398
288.763115 237.534337 0.785398
288.771913 237.543135 0.785398
288.780487 237.551708 0.785398
288.789388 237.560610 0.785398
288.798340 237.569562 0.785398
288.807160 237.578382 0.785398
288.816090 237.587312 0.785398
288.824963 237.596185 0.785398
288.833844 237.605066 0.785398
288.842359 237.613581 0.785398
288.851102 237.622323 0.785398
288.859804 237.631025 0.785398
288.868436 237.639657 0.785398
288.876892 237.648113 0.785398
288.885681 237.656903 0.785398
288.894416 237.665637 0.785398
288.903235 237.674457 0.785398
288.911713 237.682934 0.785398
288.920175 237.691396 0.785398
288.928556 237.699777 0.785398
288.936999 237.708220 0.785398
288.945409 237.716631 0.785398
288.953954 237.725175 0.785398
288.962486 237.733708 0.785398
288.970991 237.742212 0.785398
288.979290 237.750512 0.785398
288.987651 237.758872 0.785398
288.996040 237.767262 0.785398
289.004313 237.775534 0.785398
289.012927 237.784149 0.785398
289.021560 237.792782 0.785398
289.030066 237.801288 0.785398
289.038632 237.809853 0.785398
289.046829 237.818050 0.785398
289.055111 237.826333 0.785398
289.063545 237.834767 0.785398
289.071721 237.842942 0.785398
289.079927 237.851149 0.785398
289.088445 237.859667 0.785398
289.096637 237.867859 0.785398
289.105075 237.876297 0.785398
289.113584 237.884806 0.785398
289.121795 237.893017 0.785398
289.129883 237.901105 0.785398
289.138349 237.909571 0.785398
289.146384 237.917605 0.785398
289.154545 237.925766 0.785398
289.162643 237.933865 0.785398
289.170920 237.942142 0.785398
289.179316 237.950537 0.785398
289.187408 237.958630 0.785398
289.195394 237.966616 0.785398
289.203499 237.974720 0.785398
289.211752 237.982973 0.785398
289.219916 237.991137 0.785398
289.227972 237.999193 0.785398
289.235940 238.007161 0.785398
289.244205 238.015426 0.785398
289.252223 238.023444 0.785398
289.260276 238.031497 0.785398
289.268124 238.039345 0.785398
289.276269 238.047491 0.785398
289.284431 238.055653 0.785398
289.292381 238.063603 0.785398
289.300413 238.071634 0.785398
289.308423 238.079644 0.785398
289.316237 238.087458 0.785398
289.324180 238.095401 0.785398
289.332131 238.103352 0.785398
