100.000000 100.000000 0.000000
100.522690 99.951653 0.007865
100.968645 100.046592 0.015639
101.467919 99.965163 0.023377
102.042542 100.047522 0.030957
102.542563 100.038878 0.038503
102.959597 100.106985 0.045974
103.472304 100.087175 0.053323
104.011360 100.083629 0.060729
104.487734 100.118307 0.068042
105.010122 100.190263 0.075096
105.540030 100.207638 0.082075
105.988844 100.236234 0.089205
106.499953 100.322942 0.096405
107.016001 100.348025 0.102961
107.512092 100.398752 0.109659
108.002834 100.457377 0.116447
108.437636 100.488167 0.123538
108.957264 100.527222 0.129700
109.499601 100.678212 0.136387
110.014404 100.669237 0.143045
110.437907 100.764168 0.149461
111.003777 100.886724 0.155628
111.476662 100.969324 0.162410
111.990515 100.967000 0.168160
112.438365 101.069888 0.174424
112.944601 101.142618 0.180744
113.462862 101.264564 0.187015
113.903080 101.335207 0.192295
114.356029 101.464626 0.198189
114.938565 101.565193 0.203966
115.325297 101.647831 0.210620
115.846896 101.796173 0.215493
116.366756 101.877911 0.221271
116.867088 102.023889 0.226918
117.323922 102.078162 0.232892
117.765133 102.253885 0.238437
118.284660 102.275511 0.243663
118.805242 102.480528 0.249074
119.221687 102.599807 0.255018
119.726257 102.658696 0.259361
120.285623 102.818889 0.265208
120.755589 102.922858 0.270164
121.234893 103.127268 0.275913
121.634051 103.234467 0.281404
122.132599 103.389749 0.285460
122.634190 103.477777 0.291308
123.070661 103.653604 0.295726
123.646218 103.786839 0.300586
124.015196 103.896866 0.305484
124.591713 104.099498 0.309880
124.990550 104.199676 0.314391
125.482658 104.363816 0.319299
125.924287 104.532643 0.325171
126.503878 104.731938 0.328488
126.871348 104.856091 0.333239
127.324609 105.031549 0.337763
127.809209 105.149062 0.342639
128.303008 105.393867 0.346463
128.774622 105.497723 0.350802
129.219120 105.733178 0.355749
129.673455 105.924855 0.359453
130.136484 106.050460 0.363391
130.710573 106.225614 0.369004
131.107773 106.396660 0.372688
131.622607 106.632804 0.377133
132.031029 106.770153 0.380873
132.533631 106.951636 0.384101
133.020961 107.194027 0.388500
133.377729 107.366897 0.392571
133.853888 107.487946 0.397353
134.292746 107.745761 0.400199
134.845758 107.895626 0.403764
135.256059 108.082379 0.407943
135.679383 108.336231 0.412212
136.239139 108.469335 0.416719
136.637383 108.684669 0.420249
137.106130 108.933238 0.423746
137.553563 109.122439 0.426957
137.943814 109.294952 0.430145
138.506535 109.519566 0.434957
138.871207 109.761545 0.436603
139.301863 109.925499 0.440153
139.827248 110.176889 0.443863
140.241877 110.393808 0.446889
140.689351 110.543615 0.450835
141.166186 110.774706 0.454916
141.616227 111.019837 0.456916
142.018402 111.236598 0.460134
142.430732 111.420416 0.463540
142.895998 111.662433 0.468129
143.344143 111.859527 0.469908
143.774021 112.152547 0.474223
144.241929 112.400856 0.477895
144.646068 112.580382 0.479952
145.158362 112.860399 0.483009
145.628703 113.015446 0.487366
145.941197 113.278463 0.489006
146.513119 113.547332 0.492750
146.884882 113.701140 0.494198
147.388701 113.969311 0.498590
147.760010 114.203573 0.501684
148.221426 114.422817 0.502727
148.564940 114.698196 0.506765
149.005714 114.923294 0.509294
149.465266 115.164530 0.513108
149.918670 115.385877 0.513659
150.316266 115.678805 0.517707
150.733704 115.928183 0.521071
151.282056 116.119789 0.522777
151.658057 116.344221 0.525563
152.111886 116.625497 0.527804
152.534751 116.918690 0.529833
152.921526 117.137912 0.533644
153.331162 117.376666 0.537001
153.786867 117.655344 0.538167
154.225945 117.882341 0.539635
154.653456 118.199504 0.543443
155.078192 118.425379 0.544738
155.481801 118.665448 0.546704
155.865333 118.970343 0.549109
156.319490 119.237833 0.552891
156.648286 119.447861 0.555823
157.202944 119.658617 0.556907
157.501283 119.974468 0.559982
158.035336 120.218910 0.562375
158.442892 120.538367 0.563818
158.841928 120.769087 0.567271
159.138314 121.046915 0.568413
159.562034 121.286121 0.569615
160.099967 121.528544 0.573396
160.428913 121.846686 0.574401
160.919031 122.126612 0.576069
161.347916 122.333982 0.579574
161.698269 122.588742 0.580363
162.075197 122.880771 0.582421
162.576492 123.172938 0.584977
162.951645 123.432498 0.588032
163.267124 123.726700 0.589398
163.795512 123.930912 0.591050
164.070005 124.220143 0.592098
164.533746 124.544903 0.594697
164.906311 124.815909 0.597908
165.368536 125.099095 0.599864
165.801251 125.340265 0.600054
166.064605 125.545783 0.601424
166.610060 125.887776 0.605714
166.995945 126.128120 0.605167
167.367033 126.450312 0.606728
167.712524 126.691164 0.608462
168.099046 126.990913 0.612424
168.574057 127.302057 0.613415
168.886747 127.517729 0.614992
169.380889 127.820456 0.616140
169.744919 128.141455 0.618316
170.048407 128.354380 0.620115
170.515717 128.667419 0.620331
170.813461 128.957527 0.623200
171.246280 129.160833 0.623804
171.618048 129.479179 0.626419
172.009811 129.721356 0.626954
172.401178 130.039994 0.629986
172.801266 130.316686 0.631098
173.198639 130.627027 0.632443
173.580316 130.869143 0.635404
174.061360 131.165143 0.634509
174.342288 131.507692 0.637301
174.811199 131.765934 0.637855
175.177103 132.019945 0.640651
175.541785 132.381129 0.641555
175.912306 132.604529 0.643828
176.301026 132.949177 0.643166
176.622867 133.190770 0.647316
177.043497 133.442937 0.647774
177.454061 133.765703 0.649026
177.787320 134.064512 0.650372
178.267180 134.300253 0.652871
178.627728 134.638686 0.651373
178.967238 134.933987 0.653354
179.262204 135.179573 0.656185
179.708762 135.467627 0.655635
180.110110 135.847960 0.658673
180.411235 136.107035 0.659997
180.748872 136.297029 0.659225
181.128655 136.660143 0.662711
181.550268 136.959066 0.664620
182.026255 137.217896 0.664919
182.357136 137.468719 0.665666
182.601351 137.829620 0.667199
183.007626 138.163573 0.667247
183.395436 138.371843 0.668201
183.843101 138.635871 0.670522
184.231609 138.907698 0.670712
184.592270 139.289521 0.671636
184.825463 139.486321 0.673557
185.223358 139.849213 0.673943
185.617811 140.075570 0.677366
185.913234 140.483125 0.676407
186.415491 140.667177 0.678462
186.662113 140.948452 0.678566
186.954293 141.242154 0.678792
187.418528 141.634165 0.680405
187.772292 141.905170 0.680617
188.205085 142.167831 0.681851
188.498946 142.387726 0.685805
188.777833 142.783388 0.686223
189.204340 143.035804 0.684649
189.479846 143.295595 0.687489
189.868293 143.646389 0.689629
190.277965 143.869133 0.690742
190.537320 144.145801 0.689001
190.928824 144.485174 0.691722
191.259593 144.749905 0.692353
191.620322 144.995296 0.692883
192.055751 145.392152 0.692867
192.391895 145.560496 0.695962
192.729310 145.976474 0.696519
192.948385 146.166004 0.697055
193.456045 146.492608 0.697533
193.632495 146.738519 0.699405
194.023620 147.132007 0.698505
194.339448 147.326424 0.699805
194.761753 147.621311 0.700882
195.068370 147.945612 0.700217
195.378072 148.153134 0.703105
195.735390 148.453281 0.702206
196.184828 148.844338 0.705541
196.403863 149.119812 0.703758
196.839848 149.370063 0.706345
197.032406 149.643194 0.705445
197.451339 149.961882 0.707436
197.773224 150.289446 0.709865
198.085463 150.490546 0.709260
198.386260 150.723937 0.709305
198.826394 151.083626 0.710911
199.064696 151.418261 0.710925
199.523071 151.672636 0.710869
199.691474 151.949342 0.711777
200.157900 152.277680 0.712566
200.328248 152.507696 0.713734
200.652257 152.716601 0.714200
201.118081 153.108438 0.715070
201.348970 153.314974 0.715158
201.778462 153.694546 0.717138
202.116246 153.959787 0.716269
202.248737 154.149442 0.719941
202.732762 154.475613 0.719648
202.912381 154.678597 0.718345
203.274024 154.974542 0.720702
203.725080 155.343558 0.720568
203.847758 155.517976 0.722056
204.181585 155.935875 0.720840
204.521070 156.079979 0.724629
204.797525 156.480925 0.723354
205.129832 156.719548 0.724305
205.577841 156.961172 0.726230
205.800077 157.312479 0.723800
206.144719 157.594808 0.724326
206.446438 157.806642 0.726079
206.772601 158.057634 0.727005
206.984455 158.344880 0.726835
207.328974 158.695667 0.726899
207.734527 158.921091 0.728365
207.915887 159.229564 0.728546
208.256993 159.481362 0.729489
208.638580 159.754706 0.730035
208.792691 160.021510 0.732848
209.279176 160.271961 0.732499
209.570522 160.483065 0.731769
209.746184 160.764475 0.734184
210.127297 161.031671 0.733322
210.404094 161.331696 0.732694
210.600555 161.520579 0.733340
210.898011 161.895821 0.736157
211.234291 162.170174 0.737139
211.634267 162.421029 0.737107
211.924148 162.717472 0.736569
212.225620 162.916135 0.736289
212.483264 163.149546 0.736985
212.752299 163.430683 0.736497
213.120676 163.793137 0.739624
213.309792 164.004588 0.739624
213.572909 164.242766 0.737996
213.945603 164.444538 0.740308
214.146769 164.771305 0.740395
214.537724 165.020119 0.739152
214.801124 165.252293 0.739245
214.934543 165.538031 0.741475
215.266484 165.717737 0.740187
215.631966 165.996711 0.742030
215.829075 166.253386 0.742497
216.091581 166.482444 0.744509
216.352885 166.738793 0.744655
216.645512 167.087958 0.745936
216.965668 167.352056 0.745440
217.225547 167.548359 0.744942
217.478328 167.783384 0.744054
217.884312 168.118052 0.745342
218.168945 168.329497 0.747206
218.335630 168.635584 0.744649
218.700742 168.890221 0.748678
218.823163 169.052963 0.746708
219.082352 169.360913 0.745900
219.443513 169.555537 0.747600
219.583920 169.887031 0.747013
219.878299 170.036915 0.748960
220.232614 170.385550 0.750549
220.499647 170.488797 0.751348
220.763164 170.892635 0.748700
221.109234 171.012816 0.751150
221.224663 171.380529 0.750706
221.600650 171.549062 0.749516
221.811599 171.757301 0.752720
221.985922 172.023145 0.749828
222.311816 172.207320 0.750469
222.454405 172.539768 0.752598
222.868733 172.795590 0.754267
223.174889 173.058826 0.754320
223.216813 173.263770 0.755088
223.501245 173.385813 0.751913
223.841378 173.718209 0.754476
224.042852 173.949533 0.753853
224.353596 174.179699 0.755955
224.537265 174.475253 0.755506
224.827844 174.626445 0.753423
225.058565 174.862688 0.754661
225.200404 175.179705 0.757383
225.516678 175.391729 0.757280
225.885276 175.515523 0.754939
226.062680 175.778425 0.756096
226.347865 176.043741 0.757932
226.461945 176.312839 0.757513
226.822745 176.492720 0.756206
227.109166 176.731779 0.757826
227.279215 176.989852 0.757898
227.450869 177.160313 0.757875
227.634036 177.435661 0.760156
228.064403 177.622277 0.757108
228.251459 177.773299 0.758112
228.512149 178.053390 0.759285
228.646760 178.323052 0.760076
228.821908 178.461255 0.760775
229.063481 178.761114 0.758895
229.367499 178.890434 0.760438
229.638340 179.047517 0.761074
229.735533 179.298071 0.760372
230.110931 179.583933 0.759978
230.163682 179.816730 0.762112
230.417192 180.058637 0.760618
230.652449 180.130687 0.761984
230.932442 180.460396 0.762128
231.255349 180.561678 0.760651
231.350178 180.884431 0.763258
231.495177 180.985770 0.762324
231.859991 181.327749 0.762334
231.972579 181.477457 0.763746
232.339537 181.734326 0.762229
232.465329 181.868428 0.764023
232.623069 182.123786 0.762080
232.950417 182.209301 0.765286
232.995458 182.487955 0.765754
233.329617 182.673745 0.763755
233.422583 182.835747 0.764701
233.784399 183.136716 0.766612
234.048431 183.237625 0.766738
234.134298 183.527180 0.765730
234.454631 183.646503 0.764295
234.565188 183.837801 0.765700
234.884228 184.206291 0.766440
234.947676 184.252324 0.766613
235.211504 184.560557 0.767843
235.356136 184.639342 0.766975
235.498323 184.839754 0.764991
235.715454 185.130667 0.766137
236.065905 185.388678 0.768103
236.111671 185.405844 0.768739
236.352323 185.762447 0.767789
236.688054 185.897524 0.768020
236.798142 186.096461 0.769050
236.901187 186.337409 0.768674
237.284184 186.508501 0.767328
237.311377 186.636201 0.766618
237.708494 186.830517 0.768924
237.771775 186.962596 0.769400
238.066638 187.227904 0.770547
238.120249 187.480905 0.770279
238.364988 187.609489 0.768835
238.678869 187.704074 0.771172
238.831814 187.955358 0.768143
239.066386 188.184409 0.770884
239.141104 188.347014 0.769714
239.433231 188.451904 0.771058
239.480717 188.606591 0.769442
239.810637 188.938683 0.770850
239.955783 189.044599 0.768892
240.128737 189.278194 0.771229
240.343770 189.429638 0.770285
240.363809 189.547421 0.770235
240.658365 189.769506 0.769954
240.802734 189.897426 0.770666
241.061487 190.018999 0.769908
241.089162 190.308269 0.772112
241.385155 190.399528 0.773451
241.545491 190.591674 0.772552
241.707549 190.724682 0.771910
241.882606 190.980228 0.772516
241.941986 191.054518 0.772472
242.230026 191.293229 0.773893
242.319307 191.528205 0.773234
242.569575 191.655201 0.772970
242.841063 191.732858 0.771328
242.928260 191.998432 0.774591
243.112828 192.188095 0.772102
243.368519 192.387211 0.772154
243.304785 192.438424 0.773519
243.596659 192.730232 0.772471
243.770658 192.822720 0.771958
243.921971 193.066201 0.772257
244.064610 193.196403 0.773486
244.233246 193.224959 0.772225
244.413855 193.484051 0.773544
244.585314 193.616327 0.773639
244.874863 193.878076 0.772711
244.987259 193.953350 0.773249
245.015064 194.162944 0.775697
245.133262 194.183256 0.776283
245.409547 194.405581 0.774118
245.683292 194.673521 0.774238
245.700241 194.791103 0.774259
245.927456 194.831182 0.776098
245.938946 195.120490 0.776896
246.299504 195.291258 0.775230
246.331062 195.378322 0.775219
246.590550 195.457909 0.774826
246.593787 195.593602 0.774735
246.906199 195.733420 0.776489
247.081567 195.980757 0.775741
247.011601 196.180107 0.775383
247.209718 196.316209 0.777242
247.367221 196.433343 0.774225
247.535740 196.477092 0.775726
247.755317 196.682611 0.777415
247.881257 196.908553 0.774455
247.987764 197.017963 0.777995
248.241866 197.155779 0.776287
248.371913 197.253361 0.777747
248.543400 197.488964 0.774678
248.521760 197.664910 0.774941
248.713545 197.719561 0.776354
249.004987 197.932106 0.775702
248.954164 198.098393 0.777610
249.271038 198.137901 0.775648
249.245658 198.394915 0.775545
249.530072 198.444469 0.775631
249.743188 198.661624 0.775593
249.820088 198.706389 0.778511
249.937499 198.814368 0.776763
250.022214 199.071112 0.778758
250.262808 199.078584 0.777412
250.355944 199.368121 0.778787
250.390170 199.460486 0.776764
250.587694 199.475055 0.776389
250.740098 199.739973 0.777699
250.791404 199.808159 0.779707
251.115369 199.967474 0.776313
251.190647 200.001355 0.777936
251.211256 200.148616 0.777043
251.559619 200.395008 0.779710
251.547051 200.519398 0.776787
251.731268 200.697511 0.777169
251.943779 200.692373 0.778861
251.892831 200.909460 0.779767
252.104747 200.996829 0.780278
252.166947 201.108736 0.778202
252.345586 201.255386 0.778044
252.616813 201.360296 0.778237
252.505935 201.560010 0.777769
252.877269 201.583452 0.780667
252.825739 201.840690 0.777091
253.017365 201.872521 0.777097
253.082115 201.922656 0.777826
253.324332 202.201928 0.779655
253.466378 202.221396 0.778570
253.398891 202.355179 0.780361
253.635831 202.498134 0.779597
253.876776 202.684007 0.777578
253.933691 202.737125 0.780815
253.981880 202.839725 0.779984
254.187603 202.922019 0.778025
254.263277 203.064774 0.779602
254.329639 203.334901 0.779978
254.520109 203.363305 0.779017
254.579608 203.433713 0.780434
254.738461 203.690451 0.779015
254.969860 203.637894 0.780582
255.064602 203.841419 0.779682
255.066083 204.022384 0.779321
255.232398 203.998045 0.779256
255.357020 204.135516 0.781346
255.572136 204.266649 0.778972
255.658761 204.345412 0.780982
255.714183 204.616392 0.779121
255.818905 204.610684 0.778687
256.021634 204.768425 0.782273
256.083563 204.924910 0.781682
256.187840 204.893406 0.779817
256.370793 205.018890 0.782007
256.388672 205.216440 0.779293
256.470424 205.422547 0.780298
256.574928 205.535023 0.778844
256.581656 205.549627 0.779850
256.888586 205.568577 0.779012
257.014221 205.835336 0.779472
256.996093 205.924082 0.780427
257.158944 205.981603 0.780946
257.314102 206.126016 0.779341
257.274899 206.226136 0.779144
257.446932 206.273890 0.781973
257.589639 206.337829 0.782343
257.747061 206.532361 0.780678
257.838032 206.714346 0.779650
257.886030 206.678993 0.781390
257.872730 206.732152 0.782590
258.042294 206.998056 0.780074
258.174578 206.984684 0.780394
258.323169 207.230905 0.781372
258.487617 207.339360 0.782393
258.409873 207.384515 0.782202
258.726236 207.523324 0.783330
258.620719 207.568865 0.781970
258.843214 207.705277 0.782871
258.884741 207.662069 0.783029
258.982214 207.925237 0.782952
259.191807 207.915190 0.781759
259.279687 208.161388 0.781543
259.215585 208.173987 0.780597
259.545101 208.259636 0.781401
259.605062 208.292876 0.783495
259.759100 208.529029 0.780097
259.748975 208.530896 0.781586
259.918760 208.654698 0.783490
259.986076 208.800319 0.782798
260.039519 208.772556 0.780980
260.241604 208.927287 0.782084
260.196911 209.131051 0.781799
260.348949 209.171745 0.780676
260.445799 209.134038 0.780250
260.561895 209.326151 0.783800
260.541511 209.414082 0.783364
260.829062 209.521295 0.781962
260.804207 209.528666 0.781614
260.990543 209.719260 0.782016
260.858712 209.708668 0.783380
261.181872 209.969857 0.783742
261.192445 209.947926 0.783619
261.182371 210.068260 0.783112
261.292485 210.166931 0.781663
261.455806 210.250993 0.782215
261.632173 210.355720 0.784160
261.519660 210.527438 0.781653
261.827668 210.519991 0.782469
261.703374 210.658498 0.781531
261.947309 210.634928 0.782165
261.862390 210.686988 0.783808
261.954150 210.944748 0.782952
262.150812 210.990607 0.781689
262.354459 211.009379 0.780894
262.313030 211.090560 0.781290
262.488775 211.139330 0.782572
262.529474 211.298933 0.781834
262.542388 211.457300 0.781585
262.813943 211.414937 0.784358
262.824687 211.665418 0.781091
262.822529 211.703105 0.781121
262.991637 211.761206 0.783417
262.958768 211.766637 0.783794
263.128688 211.877063 0.783707
263.147972 212.064780 0.783814
263.386276 212.177546 0.783574
263.368623 212.116630 0.784411
263.321719 212.283053 0.782753
263.532719 212.271917 0.783623
263.696892 212.509831 0.781966
263.675250 212.431676 0.785000
263.799892 212.677928 0.784263
263.910073 212.598268 0.782150
263.984191 212.659172 0.785178
264.049945 212.897685 0.781772
264.047261 212.845747 0.782251
264.198320 212.953777 0.783839
264.300962 213.153093 0.783902
264.344040 213.156311 0.783496
264.453178 213.271899 0.784281
264.621732 213.395403 0.781761
264.495333 213.452952 0.784818
264.773515 213.354512 0.782577
264.808084 213.601286 0.784764
264.700694 213.533908 0.785034
264.955861 213.686926 0.783109
264.972731 213.853100 0.785025
265.066099 213.867089 0.782238
264.998782 213.941474 0.784953
265.247744 213.895073 0.784788
265.212830 214.174616 0.784171
265.284829 214.097201 0.784362
265.410756 214.286469 0.782651
265.555198 214.286534 0.782597
265.514765 214.382488 0.782193
265.629018 214.490900 0.783540
265.819813 214.532281 0.784409
265.794435 214.486576 0.782474
265.932701 214.609924 0.783142
265.941854 214.711310 0.783652
266.048636 214.903295 0.783946
266.095015 214.949201 0.784148
266.167002 214.964053 0.785192
266.214566 214.990353 0.783880
266.380390 215.026794 0.784948
266.447147 215.127687 0.785084
266.484372 215.299730 0.784262
266.566421 215.212158 0.784391
266.484034 215.443897 0.782549
266.792493 215.407462 0.783169
266.680716 215.431831 0.785492
266.691158 215.687815 0.781976
266.807695 215.676239 0.783696
266.960161 215.633308 0.783665
267.018416 215.873979 0.782987
267.138273 215.943674 0.782853
267.246159 215.926834 0.785374
267.322721 216.022798 0.783850
267.214267 216.165482 0.785259
267.486126 216.106384 0.785977
267.501155 216.188839 0.782330
267.524698 216.340636 0.782539
267.697298 216.269105 0.783085
267.739883 216.360976 0.785209
267.753423 216.486627 0.784440
267.655974 216.503015 0.783007
267.823913 216.653521 0.783937
267.807582 216.736997 0.785529
267.888346 216.748347 0.784903
267.904595 216.845318 0.783469
268.052571 216.892921 0.783592
268.068654 216.843416 0.784880
268.337979 217.083978 0.785001
268.197692 217.082464 0.782365
268.223358 217.138749 0.783683
268.435960 217.214910 0.784487
268.539593 217.283021 0.785743
268.606971 217.375259 0.785379
268.519226 217.330043 0.784021
268.618657 217.414098 0.782988
268.661687 217.516904 0.784033
268.667854 217.492565 0.783918
268.756678 217.593387 0.783974
268.981626 217.808852 0.783143
269.015137 217.824563 0.784956
269.063747 217.903078 0.782889
269.163370 217.860980 0.783200
269.058324 217.943871 0.784517
269.148653 217.958491 0.784448
269.358905 218.046910 0.783202
269.289058 218.061684 0.783651
269.474132 218.217693 0.785277
269.548229 218.352982 0.784346
269.561325 218.297961 0.783732
269.595299 218.434027 0.784194
269.537249 218.459251 0.786218
269.643694 218.601008 0.783648
269.836451 218.467655 0.783780
269.825695 218.569998 0.786105
269.982395 218.568420 0.784783
269.853736 218.744175 0.783242
270.050890 218.723769 0.783553
269.948252 218.824198 0.783849
270.033958 218.809765 0.783745
270.289465 219.023509 0.786000
270.320535 218.917007 0.786155
270.217215 219.091282 0.785948
270.243211 219.090998 0.782635
270.382487 219.294842 0.784619
270.350669 219.320156 0.785757
270.416646 219.308608 0.785079
270.716040 219.374437 0.784812
270.671593 219.431488 0.784193
270.791432 219.578206 0.785726
270.877276 219.553432 0.785394
270.897341 219.597298 0.785399
270.799690 219.640451 0.785090
270.820658 219.782380 0.784927
271.012263 219.788742 0.785005
271.008876 219.885531 0.784307
271.007500 219.973714 0.786127
271.057286 219.987630 0.783714
271.168337 219.953177 0.784270
271.307789 219.945259 0.786054
271.297263 219.994555 0.786569
271.416111 220.035713 0.784275
271.346028 220.260989 0.783419
271.533341 220.194092 0.785222
271.540940 220.226043 0.785354
271.682141 220.283835 0.786407
271.733198 220.458430 0.783324
271.568927 220.484862 0.785664
271.640841 220.492097 0.785964
271.838549 220.504979 0.786554
271.852182 220.542059 0.783002
271.952442 220.655905 0.786095
271.969003 220.674915 0.786521
271.925578 220.757817 0.786463
272.137456 220.897852 0.785377
272.096950 220.823613 0.786266
272.271625 220.906184 0.785901
272.134525 220.935986 0.785280
272.161298 221.005662 0.786175
272.167802 221.155517 0.783077
272.353223 221.084880 0.784295
272.428126 221.187213 0.783429
272.326178 221.213396 0.783586
272.429216 221.182076 0.784817
272.492774 221.416016 0.785136
272.695874 221.371755 0.783130
272.696421 221.368322 0.783749
272.781049 221.452559 0.783095
272.628878 221.407606 0.784038
272.821689 221.539694 0.783198
272.792029 221.579756 0.784801
272.921940 221.579369 0.783887
272.875845 221.792185 0.786754
272.908344 221.654569 0.785343
273.030064 221.758237 0.784399
273.152107 221.760812 0.783007
273.236105 221.827696 0.785128
273.181712 222.024420 0.785830
273.295996 221.986092 0.784028
273.145604 222.022418 0.784904
273.263624 222.087803 0.784533
273.234160 222.102275 0.786124
273.507002 222.238590 0.786341
273.498768 222.132298 0.785740
273.565941 222.261535 0.785701
273.440868 222.391171 0.786837
273.731714 222.467240 0.784338
273.651808 222.335914 0.783672
273.640784 222.478821 0.785617
273.622294 222.516109 0.786836
273.690943 222.464638 0.786251
273.741882 222.557228 0.785677
273.923945 222.611335 0.784823
273.858031 222.679659 0.784899
274.055837 222.638232 0.783343
274.124028 222.730294 0.783171
274.154372 222.863374 0.783446
274.135226 222.913079 0.783580
274.101151 222.946909 0.786694
274.094903 222.919272 0.785783
274.172587 223.064022 0.783654
274.348288 222.995520 0.785932
274.228861 223.002214 0.785671
274.340893 223.150240 0.783353
274.312312 223.197871 0.785994
274.552333 223.221678 0.786840
274.395642 223.362756 0.786285
274.599936 223.359781 0.784397
274.615264 223.359286 0.783434
274.611483 223.391944 0.784653
274.608658 223.494110 0.784070
274.737430 223.457466 0.785147
274.613747 223.627446 0.785745
274.681318 223.660581 0.785886
274.831960 223.672566 0.784630
274.973793 223.574194 0.785455
274.790985 223.785535 0.785756
275.005321 223.759835 0.786493
274.884964 223.678276 0.783776
274.932938 223.742941 0.786750
275.130918 223.820162 0.786840
275.223699 223.935411 0.783237
275.292232 223.922791 0.786031
275.144804 224.061901 0.785381
275.331142 223.983836 0.786629
275.342778 224.160751 0.784364
275.379355 224.069457 0.785838
275.470409 224.250091 0.786129
275.401582 224.133770 0.785059
275.540803 224.114245 0.784365
275.469011 224.298566 0.785787
275.443762 224.251557 0.784686
275.701787 224.240562 0.785515
275.709546 224.435112 0.783922
275.593747 224.530372 0.786577
275.597437 224.351725 0.785393
275.615527 224.557688 0.784786
275.782611 224.557404 0.783216
275.785889 224.564204 0.783695
275.715965 224.643203 0.784031
275.784939 224.722950 0.786100
275.978748 224.644012 0.785098
275.873497 224.640758 0.783845
275.888494 224.884678 0.786001
276.146794 224.910150 0.784761
276.176531 224.840257 0.784725
276.120055 224.934617 0.786260
276.179438 224.853612 0.783725
276.125540 224.947722 0.783482
276.266642 224.976699 0.784208
276.162378 224.936056 0.786913
276.251207 224.989527 0.784441
276.364253 225.152522 0.785881
276.451133 225.159377 0.785943
276.292649 225.249815 0.784762
276.560485 225.116643 0.784875
276.600160 225.237747 0.786147
276.498904 225.277505 0.783884
276.463488 225.413548 0.785360
276.612794 225.470868 0.785170
276.689466 225.491052 0.785581
276.717746 225.337341 0.785334
276.753962 225.531507 0.784742
276.691046 225.577082 0.785665
276.896867 225.644459 0.785818
276.682814 225.594474 0.784560
276.754738 225.700230 0.783774
276.825927 225.755115 0.783699
277.024891 225.606504 0.785402
276.948688 225.844203 0.786767
276.906495 225.747579 0.785035
277.018903 225.812950 0.786565
277.108977 225.850234 0.786291
277.018749 225.787732 0.783268
277.242125 225.973624 0.785740
277.278631 225.871600 0.785451
277.258105 225.937889 0.786685
277.287686 225.957639 0.785601
277.182328 225.996098 0.784413
277.450789 226.115389 0.785887
277.445821 226.051014 0.786552
277.424275 226.219292 0.786079
277.452284 226.254487 0.784913
277.377883 226.287128 0.787094
277.358693 226.275331 0.787108
277.536257 226.231610 0.785492
277.602046 226.399555 0.784772
277.521853 226.385600 0.785956
277.513977 226.496360 0.785943
277.531621 226.456592 0.783645
277.744420 226.481922 0.784880
277.598295 226.503121 0.783955
277.681392 226.486099 0.784907
277.722522 226.549669 0.785247
277.836629 226.568508 0.786434
277.931660 226.627953 0.785745
278.011360 226.675044 0.783993
277.947767 226.621314 0.785820
278.010884 226.710858 0.786199
278.061903 226.825703 0.784917
278.048003 226.783661 0.785985
278.030572 226.826115 0.783340
278.109975 226.909520 0.785841
278.186838 226.928061 0.785380
278.244820 226.929345 0.787100
278.310677 226.995033 0.785395
278.178009 227.086016 0.786447
278.116153 227.017729 0.786525
278.328928 227.156110 0.785117
278.268282 227.063146 0.785625
278.233966 227.169083 0.784990
278.252387 227.193342 0.786104
278.413663 227.119110 0.784086
278.364406 227.254629 0.785492
278.566261 227.150461 0.786910
278.376276 227.188020 0.785802
278.543961 227.353760 0.784130
278.525690 227.419556 0.783338
278.561596 227.426731 0.786935
278.682603 227.390325 0.783495
278.679456 227.490609 0.785443
278.743123 227.497923 0.784340
278.612319 227.485879 0.785787
278.794141 227.440178 0.783721
278.641576 227.439004 0.785241
278.694440 227.647842 0.787110
278.823770 227.591731 0.785308
278.755828 227.671596 0.787224
278.985353 227.728704 0.785762
278.942969 227.720979 0.785398
278.888468 227.697340 0.785347
278.979438 227.860614 0.785306
278.976157 227.718433 0.786157
278.913513 227.817427 0.785943
279.134466 227.793625 0.785903
279.080243 227.845451 0.786969
279.231279 227.803783 0.786038
279.292281 228.026351 0.786837
279.259269 227.969492 0.787111
279.258828 227.991821 0.786551
279.224515 228.107022 0.785393
279.255978 228.005910 0.786266
279.433171 228.066702 0.784160
279.368951 228.059110 0.786897
279.434172 228.188188 0.784934
279.351079 228.278526 0.783951
279.379576 228.307486 0.784945
279.333190 228.199901 0.785357
279.473818 228.277300 0.785290
279.570691 228.180043 0.783814
279.421835 228.216761 0.783664
279.573703 228.407876 0.785104
279.719881 228.375675 0.785680
279.665463 228.294107 0.786909
279.601601 228.463462 0.785527
279.689808 228.544127 0.785791
279.746495 228.401019 0.786233
279.804109 228.532163 0.784462
279.701401 228.648487 0.786869
279.901558 228.475649 0.786111
279.806547 228.607971 0.786321
279.832870 228.599209 0.783936
279.998278 228.585518 0.784952
279.825581 228.575055 0.783533
279.797944 228.714271 0.786362
280.056846 228.686964 0.783479
280.073570 228.686145 0.784082
280.074433 228.740636 0.785732
280.167599 228.846503 0.786951
280.097903 228.949619 0.784994
280.038766 228.847867 0.783649
280.041551 228.896523 0.784900
280.237440 229.020840 0.785453
280.124828 228.981955 0.785592
280.189293 229.078504 0.786006
280.216139 229.005951 0.783461
280.142212 228.949564 0.783399
280.176075 229.027391 0.785944
280.427000 229.129497 0.786832
280.270070 229.125984 0.787284
280.321573 229.074231 0.786697
280.312545 229.131700 0.783822
280.407425 229.262750 0.786913
280.338346 229.209942 0.786212
280.419422 229.311368 0.784867
280.571732 229.269250 0.786092
280.446500 229.224784 0.785664
280.498107 229.225869 0.784305
280.684415 229.319971 0.786697
280.668596 229.279353 0.783529
280.544368 229.323191 0.786440
280.726705 229.478304 0.784504
280.583045 229.388831 0.784092
280.784995 229.441033 0.785986
280.720372 229.603083 0.784675
280.798852 229.462762 0.786911
280.863556 229.442680 0.786091
280.894312 229.629415 0.784607
280.778062 229.686442 0.785327
280.797388 229.573898 0.787153
280.749256 229.718372 0.786266
280.871656 229.574210 0.784786
280.928541 229.623496 0.783903
280.967509 229.736805 0.784877
280.886793 229.668147 0.786066
281.014774 229.723413 0.784472
280.979611 229.787110 0.785725
281.127989 229.725075 0.786225
281.190823 229.921331 0.783527
281.041562 229.805417 0.784674
281.240643 229.801437 0.785079
281.049926 229.902246 0.787207
281.111303 230.014566 0.784368
281.107738 229.894430 0.785648
281.330629 230.033035 0.786283
281.178989 229.994927 0.783641
281.400511 230.121748 0.786766
281.233107 230.069907 0.786100
281.360714 230.124066 0.783534
281.283970 230.107565 0.785998
281.333744 230.098206 0.785714
281.366889 230.226758 0.785189
281.308398 230.100158 0.785017
281.482164 230.190122 0.785264
281.486135 230.251565 0.786895
281.555447 230.179115 0.785437
281.556455 230.223007 0.785928
281.392843 230.274264 0.785053
281.518707 230.245949 0.783982
281.626910 230.242417 0.785932
281.510280 230.271875 0.784473
281.566766 230.360831 0.787118
281.569278 230.388485 0.785759
281.781904 230.468364 0.783689
281.554939 230.400431 0.784847
281.586580 230.448251 0.785452
281.749785 230.462574 0.786044
281.642057 230.579700 0.786236
281.752756 230.475859 0.785239
281.921641 230.655457 0.786836
281.794371 230.610726 0.784579
281.763342 230.706167 0.786924
281.884092 230.696756 0.784426
282.025342 230.636272 0.783754
281.803089 230.744467 0.785624
282.020353 230.614262 0.786777
281.863358 230.785788 0.784369
281.905438 230.825896 0.784011
281.909507 230.860702 0.784788
282.092525 230.907039 0.786410
281.940846 230.930010 0.783577
282.083269 230.871990 0.785844
282.002798 230.872890 0.785892
282.079841 230.826046 0.786890
282.154662 230.836876 0.786944
282.203417 230.969260 0.784556
282.095166 230.936622 0.786842
282.123386 230.974154 0.786205
282.358416 231.109759 0.785206
282.318299 231.098017 0.785576
282.360777 230.994093 0.786146
282.377398 231.080675 0.786453
282.352792 231.131016 0.785909
282.311104 231.086158 0.784635
282.457887 231.181158 0.786314
282.355691 231.227179 0.786028
282.299329 231.153009 0.784151
282.489376 231.154660 0.784183
282.369848 231.276167 0.786771
282.561748 231.237304 0.784565
282.527073 231.180199 0.786884
282.527265 231.249853 0.784460
282.452887 231.409771 0.785219
282.465146 231.317977 0.784575
282.641049 231.264929 0.785512
282.527156 231.363687 0.785333
282.507743 231.417335 0.787205
282.720746 231.339347 0.785375
282.640587 231.457014 0.787133
282.807619 231.494878 0.785313
282.714465 231.388777 0.785447
282.654298 231.548465 0.785127
282.845781 231.480484 0.784750
282.832641 231.465923 0.786496
282.667880 231.476703 0.784974
282.709497 231.507490 0.784130
282.855620 231.682582 0.785595
282.906736 231.702525 0.785712
282.821401 231.709795 0.784831
283.002808 231.722509 0.785179
282.845422 231.730426 0.785696
282.875119 231.603753 0.786260
282.990931 231.694143 0.785416
283.047100 231.722652 0.784213
283.052882 231.862245 0.784152
283.013528 231.668795 0.783672
282.925913 231.765571 0.784296
283.028062 231.803756 0.785017
283.030906 231.899691 0.785182
282.995036 231.920545 0.783468
283.077869 231.840730 0.785649
283.088242 231.952543 0.783683
283.153193 231.979517 0.785379
283.229323 232.005220 0.785902
283.233392 231.986511 0.785642
283.068422 231.911807 0.783829
283.193353 231.959210 0.786952
283.098785 232.036169 0.787294
283.376127 231.930126 0.784042
283.205163 232.126237 0.785627
283.176577 231.945763 0.783770
283.173431 232.106587 0.784082
283.351639 232.124182 0.785704
283.373368 232.080165 0.786405
283.371488 232.089338 0.787104
283.437726 232.143151 0.786808
283.385721 232.126759 0.785387
283.414531 232.309238 0.784165
283.315262 232.173489 0.785199
283.501553 232.332128 0.783498
283.469475 232.154764 0.784493
283.361426 232.313770 0.783748
283.391672 232.395954 0.783827
283.466884 232.247187 0.786260
283.614078 232.333215 0.783708
283.653735 232.350674 0.784747
283.513985 232.338205 0.786916
283.535826 232.427381 0.783876
283.523638 232.445384 0.783481
283.715197 232.435375 0.786456
283.614901 232.403661 0.786708
283.732536 232.413713 0.786276
283.678915 232.438735 0.786694
283.803486 232.563483 0.784510
283.715775 232.552448 0.784174
283.620653 232.572346 0.783870
283.649620 232.621060 0.783938
283.866390 232.609409 0.783905
283.730168 232.609901 0.784738
283.972668 232.571168 0.783801
283.818555 232.526233 0.783529
283.923063 232.681193 0.786391
283.802829 232.642923 0.785671
284.026461 232.707110 0.785199
283.909273 232.620328 0.786746
284.069211 232.603596 0.784692
284.049589 232.758412 0.786302
284.064722 232.818713 0.785897
283.856583 232.826679 0.785335
283.903985 232.766856 0.784517
283.913052 232.846189 0.785613
284.117024 232.746251 0.786059
284.170249 232.832008 0.784051
284.034097 232.938291 0.785331
283.980464 232.840226 0.784111
284.190526 232.792302 0.784868
284.040798 232.926724 0.785909
284.277699 232.954384 0.784066
284.273227 233.006026 0.785273
284.063561 232.863854 0.785756
284.175292 232.882462 0.785035
284.121459 233.016038 0.783913
284.371808 232.986148 0.785469
284.211933 233.056272 0.786077
284.235812 233.143145 0.783477
284.378716 233.028880 0.785037
284.317274 233.085954 0.785836
284.278151 233.164457 0.785218
284.444334 233.038493 0.784298
284.401225 233.234264 0.784977
284.458852 233.190145 0.785260
284.313275 233.224577 0.786998
284.479863 233.259094 0.786175
284.427576 233.085364 0.785631
284.534039 233.171624 0.786445
284.362981 233.203468 0.785330
284.509333 233.331897 0.784062
284.567362 233.251339 0.783804
284.387387 233.380670 0.787099
284.641569 233.347581 0.786808
284.634919 233.219969 0.784957
284.498740 233.277910 0.786445
284.703471 233.265699 0.787024
284.568306 233.297725 0.786957
284.470977 233.491835 0.786798
284.737240 233.327191 0.784297
284.574850 233.434115 0.786503
284.708515 233.322994 0.784160
284.539660 233.488729 0.785332
284.583878 233.388476 0.783580
284.763531 233.489221 0.784626
284.694234 233.422092 0.786083
284.645493 233.457732 0.786313
284.647415 233.630122 0.784756
284.663473 233.550571 0.787283
284.725018 233.521470 0.785569
284.854299 233.638071 0.786944
284.751740 233.700694 0.785343
284.811401 233.528425 0.786541
284.934253 233.548892 0.787293
284.836395 233.621211 0.786580
284.805162 233.602787 0.785983
284.767181 233.571460 0.786064
284.921544 233.574685 0.786425
284.857583 233.648632 0.784414
284.859655 233.750262 0.784906
285.032569 233.713874 0.784809
284.951452 233.809613 0.784355
284.955229 233.854038 0.784632
285.118631 233.690841 0.785674
284.949628 233.883235 0.785389
284.977949 233.775632 0.785606
285.064622 233.912788 0.786289
285.095107 233.883405 0.787261
285.025715 233.877885 0.785031
285.202380 233.879543 0.786872
285.140918 233.893471 0.784758
285.116381 233.921248 0.783532
285.245799 233.863271 0.785065
285.016981 233.924187 0.786224
285.207241 233.938371 0.787249
285.259961 234.003484 0.786800
285.245841 233.974305 0.784523
285.116204 234.023756 0.785554
285.358394 233.949509 0.786097
285.370772 234.003182 0.786971
285.292280 234.110456 0.785922
285.280280 233.941621 0.785090
285.283369 234.074174 0.787342
285.263319 234.131173 0.783548
285.440026 233.999901 0.787096
285.249998 234.164907 0.786985
285.356041 234.143270 0.787324
285.416614 234.145449 0.783788
285.524184 234.061138 0.785850
285.304388 234.092561 0.785531
285.474073 234.113886 0.785942
285.486773 234.279949 0.784747
285.540361 234.245642 0.784655
285.552020 234.309806 0.783925
285.555043 234.214507 0.785555
285.395032 234.265869 0.786962
285.558663 234.354609 0.785276
285.580451 234.307870 0.786726
285.391126 234.335252 0.783644
285.543860 234.244009 0.785914
285.574767 234.391035 0.784444
285.622529 234.347324 0.783695
285.718987 234.352981 0.786657
285.492772 234.393601 0.784382
285.502456 234.499893 0.784535
285.522125 234.476840 0.787107
285.662387 234.500914 0.784511
285.791099 234.453341 0.785708
285.651249 234.475046 0.783944
285.575591 234.422602 0.785862
285.669003 234.494035 0.787044
285.635722 234.529193 0.784366
285.861733 234.480669 0.786338
285.818914 234.463678 0.784388
285.878261 234.433195 0.784660
285.883899 234.529561 0.787197
285.715499 234.518760 0.786332
285.658277 234.486485 0.785575
285.705203 234.542555 0.785997
285.714619 234.674798 0.784043
285.729781 234.642746 0.786469
285.714995 234.704448 0.786553
285.994244 234.660104 0.785324
285.782281 234.607268 0.784185
285.915396 234.675857 0.784611
285.999713 234.752441 0.787141
285.810876 234.806551 0.783874
285.950039 234.760037 0.785727
285.928233 234.633533 0.787350
285.874367 234.808627 0.784757
285.952441 234.681870 0.786630
286.132098 234.688420 0.785615
286.098861 234.710821 0.787110
286.086250 234.902187 0.786621
285.902946 234.856475 0.785250
285.993673 234.781078 0.785411
286.000754 234.838501 0.783501
285.982608 234.731590 0.785840
286.179477 234.903104 0.786590
286.130678 234.818789 0.787132
286.152908 234.896218 0.786653
286.069282 234.898505 0.784843
286.218769 234.882351 0.786228
286.199474 235.033468 0.783542
286.286195 234.931369 0.786199
286.062942 235.047981 0.786134
286.319001 234.894546 0.786858
286.148805 234.874517 0.784483
286.260246 235.093743 0.784603
286.259007 235.106458 0.784572
286.266343 235.030857 0.784796
286.359020 234.962782 0.785243
286.277692 235.097371 0.785735
286.222780 235.104935 0.786952
286.229894 235.101911 0.784905
286.323955 235.154366 0.784709
286.232245 235.108702 0.785033
286.467948 235.129416 0.785604
286.330334 235.203727 0.785921
286.234539 235.142121 0.784330
286.265141 235.082996 0.786926
286.384308 235.101300 0.787029
286.366941 235.240982 0.784504
286.439723 235.127762 0.786225
286.565287 235.254239 0.786551
286.339521 235.185373 0.787180
286.526627 235.263327 0.785803
286.468036 235.266675 0.784041
286.342181 235.262891 0.785012
286.412819 235.374396 0.786353
286.593314 235.297199 0.786154
286.646219 235.225417 0.784528
286.428524 235.214354 0.786335
286.420660 235.301273 0.785621
286.415398 235.442967 0.785529
286.432912 235.266821 0.787247
286.594641 235.433097 0.784028
286.556068 235.276594 0.784900
286.664829 235.447842 0.786516
286.497858 235.468412 0.786465
286.766677 235.444288 0.786694
286.524284 235.446975 0.783768
286.704831 235.465914 0.783724
286.748959 235.363055 0.785328
286.750673 235.412978 0.784185
286.579577 235.457913 0.783829
286.763041 235.485569 0.783991
286.804534 235.523718 0.787313
286.726650 235.566740 0.786397
286.843221 235.415895 0.785469
286.642203 235.466085 0.785244
286.738572 235.517773 0.783898
286.700405 235.497306 0.787200
286.928136 235.565181 0.787190
286.860345 235.601761 0.786042
286.718056 235.505763 0.785840
286.889396 235.689502 0.785481
286.783139 235.619204 0.783691
286.748831 235.562327 0.784880
286.916144 235.588914 0.786458
286.990745 235.670678 0.787130
286.837218 235.720100 0.785075
286.849263 235.737818 0.785505
286.791008 235.608278 0.785733
286.824742 235.617792 0.786453
286.945866 235.797933 0.786071
286.917824 235.801257 0.784613
286.985999 235.737530 0.786935
287.032878 235.789591 0.783460
286.959557 235.821891 0.785150
286.867295 235.752430 0.784908
286.979311 235.718775 0.784024
287.130947 235.677287 0.787113
287.093795 235.698842 0.785933
287.034277 235.811151 0.786480
286.918036 235.714140 0.785446
287.091547 235.882193 0.784006
286.976797 235.921428 0.784230
287.022385 235.804910 0.786138
287.149171 235.944512 0.784124
287.205472 235.852885 0.783819
287.081090 235.997629 0.785057
287.197587 235.912043 0.786903
287.267867 235.838339 0.784748
287.022604 235.851390 0.785340
287.051348 235.997401 0.783828
287.300005 236.004275 0.783816
287.262078 235.861581 0.785015
287.171557 235.933746 0.786226
287.312751 235.879375 0.785420
287.360685 236.053546 0.785573
287.283988 236.039219 0.784658
287.124355 235.975167 0.784185
287.131486 236.124888 0.785450
287.247942 236.046607 0.785378
287.313470 236.104862 0.783450
287.204970 236.174627 0.786908
287.178734 235.987364 0.784690
287.366900 236.102922 0.787096
287.429530 236.086474 0.784488
287.216905 236.050770 0.784527
287.439951 236.018141 0.786928
287.250424 236.152524 0.785722
287.333330 236.174950 0.784522
287.338883 236.267365 0.785413
287.451979 236.272256 0.786348
287.456513 236.091315 0.785729
287.522059 236.168629 0.786461
287.520649 236.277163 0.783444
287.438684 236.307148 0.787333
287.439857 236.203212 0.787128
287.425808 236.127258 0.787236
287.504934 236.161735 0.784426
287.503266 236.254369 0.787304
287.444332 236.212304 0.786930
287.379396 236.291397 0.783502
287.506229 236.170055 0.783675
287.534062 236.280607 0.785200
287.408192 236.258163 0.784756
287.581587 236.437762 0.785172
287.548234 236.371304 0.784287
287.562245 236.364301 0.783893
287.480512 236.262575 0.783929
287.609305 236.301992 0.785390
287.677452 236.373805 0.786358
287.598096 236.375377 0.785936
287.666928 236.393284 0.785939
287.569745 236.510478 0.785890
287.677157 236.454033 0.786669
287.798856 236.416914 0.786029
287.632238 236.528742 0.786629
287.598808 236.524075 0.783454
287.763917 236.564560 0.785135
287.724113 236.426089 0.787186
287.653785 236.597914 0.786238
287.704601 236.517490 0.787333
287.830365 236.410078 0.785335
287.695055 236.593875 0.785494
287.644045 236.635343 0.784992
287.715205 236.629064 0.785963
287.782923 236.473911 0.784069
287.654641 236.518586 0.786016
287.740890 236.668608 0.783495
287.680817 236.474401 0.785177
287.914077 236.577946 0.783967
287.685373 236.684015 0.785075
287.964106 236.548022 0.786221
287.875047 236.566582 0.786321
287.878186 236.676178 0.784883
287.855139 236.691871 0.785565
287.996312 236.677307 0.785120
287.876023 236.618471 0.785476
287.870577 236.752003 0.783624
287.941872 236.769951 0.784153
287.786274 236.593789 0.784159
288.035830 236.604856 0.784089
287.913848 236.670636 0.786416
287.811681 236.646724 0.785220
287.868664 236.630484 0.786294
288.098907 236.738331 0.784044
287.937322 236.733881 0.787169
287.970278 236.833480 0.785208
287.858879 236.679642 0.784243
287.971695 236.710959 0.783967
287.963174 236.860965 0.785989
287.891426 236.751314 0.785070
288.019478 236.754933 0.786966
288.090133 236.861554 0.786953
288.181419 236.855511 0.785048
288.017591 236.893950 0.786905
288.169787 236.892450 0.784007
288.200266 236.769637 0.784359
288.162416 236.789377 0.784131
287.991306 236.924658 0.786018
288.114570 236.799197 0.786122
288.181510 236.813679 0.785648
288.149821 236.965661 0.784286
288.015685 237.012835 0.786591
288.096777 236.838626 0.785747
288.047143 236.927375 0.785489
288.293970 236.903379 0.787191
288.111549 236.919711 0.786720
288.058846 236.965268 0.785642
288.239718 236.931577 0.786783
288.194050 237.102741 0.785348
288.332110 236.986548 0.785728
288.133730 236.956241 0.786425
288.365113 236.987341 0.783597
288.397887 236.998547 0.784032
288.399371 237.025332 0.784484
288.220619 236.945485 0.785010
288.197594 237.011458 0.784819
288.234310 237.140590 0.783596
288.366384 237.090549 0.785046
288.209563 237.132515 0.784848
288.346410 237.063581 0.786931
288.335528 237.131576 0.785762
288.279770 237.095551 0.784399
288.446458 237.231228 0.787128
288.402485 237.151185 0.785667
288.371260 237.074693 0.786150
288.286582 237.057863 0.785910
288.313224 237.119369 0.784150
288.452474 237.085223 0.786642
288.322705 237.125344 0.783971
288.276579 237.069578 0.785122
288.308953 237.278526 0.786796
288.390970 237.292581 0.787051
288.303216 237.154035 0.784496
288.310392 237.191245 0.786432
288.440311 237.342712 0.785924
288.541112 237.140571 0.785998
288.586649 237.214221 0.786370
288.486304 237.216690 0.785598
288.428671 237.317853 0.786159
288.437259 237.337030 0.784159
288.549406 237.399472 0.786527
288.416240 237.243011 0.783880
288.439614 237.408467 0.787235
288.616176 237.292576 0.787100
288.535258 237.375697 0.783887
288.638536 237.364847 0.783598
288.520123 237.323686 0.786032
288.712618 237.328972 0.786040
288.449713 237.368368 0.783468
288.557048 237.433954 0.786264
288.652566 237.298755 0.784239
288.722881 237.290144 0.786949
288.564211 237.293100 0.784839
288.528001 237.326468 0.784269
288.720139 237.314879 0.787194
288.514002 237.481653 0.786209
288.762110 237.406914 0.785031
288.549144 237.531393 0.785217
288.792143 237.344707 0.785380
288.801656 237.465060 0.785404
288.583346 237.497174 0.786357
288.607666 237.599409 0.787341
288.632241 237.382089 0.784939
288.665750 237.490172 0.784218
288.723955 237.436206 0.785525
288.832723 237.573699 0.785106
288.689251 237.594951 0.786985
288.788883 237.635265 0.784346
288.913429 237.492974 0.786024
288.698573 237.621287 0.786555
288.680287 237.560096 0.784727
288.762929 237.492713 0.787117
288.681831 237.488719 0.784655
288.717071 237.536971 0.785337
288.729578 237.539391 0.784324
288.948705 237.590986 0.783624
288.809696 237.725432 0.786041
288.841222 237.585239 0.784758
288.895868 237.634239 0.784881
288.992821 237.609131 0.783680
288.778267 237.594119 0.786894
288.816457 237.596207 0.784216
288.757865 237.623711 0.785186
288.994520 237.584898 0.786248
289.005010 237.581063 0.784515
289.057903 237.579295 0.786933
288.995411 237.717192 0.786432
289.026936 237.774251 0.786253
288.949878 237.666326 0.786271
288.958330 237.745087 0.786975
288.966872 237.803360 0.784684
289.093703 237.738925 0.786197
289.052172 237.661887 0.786322
289.028843 237.643664 0.785931
289.120131 237.789029 0.786820
288.882350 237.777407 0.783938
288.868634 237.742591 0.785997
288.963386 237.800129 0.785194
288.937864 237.790633 0.786623
289.157060 237.874493 0.786715
289.110098 237.789556 0.785186
289.001297 237.908716 0.783922
289.173115 237.797994 0.786961
289.151799 237.876551 0.785913
288.944681 237.941127 0.785390
289.163231 237.870164 0.784427
288.999620 237.945978 0.784706
288.966531 237.987657 0.787099
289.173172 237.835496 0.783544
289.233102 237.972417 0.783722
289.001916 237.968079 0.785486
289.281981 237.797988 0.787178
289.193415 237.990226 0.787360
289.240607 238.031843 0.787360
289.123142 237.868218 0.784968
289.037844 237.936390 0.786585
289.233430 237.929070 0.784267
289.307559 238.025803 0.783952
289.231905 237.850062 0.786397
289.126410 237.921255 0.785626
289.196345 237.997978 0.784843
289.274775 238.014743 0.784602
289.318800 237.956758 0.786178
289.134181 237.964410 0.783589
289.295355 238.093814 0.786475
289.279365 238.140338 0.786567
289.398354 237.929659 0.784323
289.201397 238.096732 0.784993
289.191715 237.943224 0.786643
289.327263 237.973761 0.785748
289.280869 238.148074 0.786850
289.287658 238.158456 0.784145
289.419733 238.021918 0.785905
289.346562 238.203167 0.784720
289.337479 238.114151 0.785088
289.371427 238.164972 0.785640
