76.387135 99.903158 29.777049 78.520832 73.783432 112.661451 50.059092 42.576028 60.771464 34.611740 
146.726772 59.453985 34.643533 26.503743 75.761272 47.820970 28.846604 18.127841 82.639256 132.865568 
40.462694 80.574819 51.657732 63.151605 72.006970 69.922310 30.067013 24.583911 154.620884 26.690693 
52.991472 43.553779 70.516081 45.384657 52.877510 20.747890 53.931613 17.757162 27.820611 73.945477 
106.830375 24.800974 98.788304 14.875209 59.373015 47.253079 68.738439 42.576634 73.919269 36.232715 
30.049868 62.310247 39.396090 89.354255 52.984107 42.512562 37.559001 33.206685 26.786885 48.689526 
31.289059 250.332979 29.042104 29.410101 86.967847 25.127599 52.362894 38.589157 35.880572 56.821908 
69.096473 92.896896 58.946291 51.729377 111.169834 75.837374 27.642927 43.289706 23.201077 34.887979 
53.308798 56.314873 92.246366 31.612964 48.035855 100.188195 29.297082 92.459413 62.915902 71.541816 
35.483245 114.910869 29.551600 72.406895 59.165842 42.931152 30.230236 36.196792 43.944856 77.137576 
