27.747757 16.225527 9.628392 22.675572 39.542556 28.196912 23.796117 9.953100 3.574894 11.549032 
4.647060 13.767553 26.903610 60.737867 14.274687 86.567635 8.973513 11.673710 9.041840 56.290374 
52.813566 15.250269 18.199482 15.112988 47.913149 24.813599 6.461473 32.446619 51.417054 43.075239 
44.666305 16.044484 13.517023 56.179993 8.536827 5.428914 10.140884 18.564926 41.434356 22.697054 
47.414578 31.276629 6.171918 25.019171 23.027933 8.349781 20.377553 15.513353 9.060200 7.316014 
22.863143 26.663973 19.322052 11.376966 14.389204 21.687271 10.239265 25.457231 27.419437 26.241393 
17.984298 16.320820 17.075114 20.087860 14.801947 19.190505 24.008021 36.203214 155.352123 14.465095 
28.370743 22.414101 43.066751 36.626635 36.627585 82.740808 25.676709 33.918464 125.028403 24.282803 
12.959926 32.877047 13.000742 34.063403 44.871184 17.952932 24.810265 63.261985 12.042173 45.843847 
42.903934 24.277883 37.698263 38.869615 47.352120 43.698431 15.538568 35.206453 41.314703 24.218215 
